VERSION:    3.1
ELEMENTS:              1
DATE:       Jul 16, 2014 18:43:27.**
CHANNELS:           2048
ROIS:        0
REAL_TIME:   100.0000534
LIVE_TIME:   95.2788544
CAL_OFFSET:  -7.2238334e-02
CAL_SLOPE:   9.2194537e-03
CAL_QUAD:    0.0000000e+00
TWO_THETA:   10.0000000
DATA: 
 0
 0
 0
 0
 0
 0
 0
 0
 0
 0
 0
 0
 0
 0
 0
 0
 0
 0
 0
 0
 0
 0
 0
 0
 0
 0
 0
 0
 0
 0
 0
 0
 0
 0
 0
 0
 0
 0
 0
 0
 0
 0
 0
 0
 0
 0
 0
 0
 0
 0
 0
 0
 0
 0
 0
 0
 0
 0
 0
 0
 0
 0
 0
 0
 0
 0
 0
 0
 0
 0
 0
 0
 0
 0
 0
 0
 0
 0
 0
 0
 0
 0
 0
 0
 0
 0
 0
 0
 0
 0
 0
 0
 0
 0
 0
 0
 0
 0
 0
 0
 0
 0
 0
 0
 0
 0
 0
 0
 0
 0
 0
 0
 0
 0
 0
 0
 0
 0
 0
 0
 0
 0
 0
 0
 0
 0
 0
 0
 0
 0
 0
 0
 0
 0
 0
 0
 0
 0
 0
 0
 0
 0
 0
 0
 0
 0
 0
 0
 0
 0
 0
 0
 0
 0
 0
 0
 0
 0
 0
 0
 0
 0
 0
 0
 0
 0
 0
 0
 0
 0
 0
 0
 0
 0
 0
 0
 0
 0
 0
 0
 0
 0
 0
 0
 0
 0
 0
 0
 0
 0
 0
 0
 0
 0
 0
 0
 0
 0
 0
 0
 0
 0
 0
 0
 0
 0
 0
 1
 0
 3
 1
 0
 1
 3
 2
 3
 7
 5
 7
 7
 3
 8
 7
 6
 4
 10
 16
 12
 13
 24
 17
 27
 24
 28
 48
 46
 54
 76
 83
 110
 142
 199
 318
 365
 499
 667
 871
 1131
 1395
 1543
 1905
 1907
 2045
 2147
 2092
 2051
 1771
 1561
 1315
 1028
 900
 595
 468
 363
 259
 186
 139
 93
 75
 49
 31
 30
 28
 37
 19
 20
 22
 21
 21
 19
 14
 13
 38
 29
 36
 47
 53
 73
 112
 135
 192
 194
 259
 249
 328
 354
 349
 338
 325
 343
 299
 264
 248
 207
 218
 160
 135
 119
 118
 85
 73
 81
 39
 37
 27
 35
 37
 28
 27
 15
 15
 20
 14
 13
 16
 5
 12
 4
 7
 10
 9
 13
 10
 6
 8
 11
 9
 6
 7
 19
 11
 9
 13
 10
 5
 9
 9
 18
 12
 8
 18
 11
 16
 7
 12
 11
 12
 12
 7
 15
 13
 9
 14
 10
 13
 12
 20
 16
 25
 19
 16
 13
 19
 22
 16
 17
 21
 18
 17
 21
 16
 20
 19
 21
 27
 22
 24
 20
 22
 26
 13
 17
 16
 30
 18
 16
 20
 17
 21
 16
 22
 23
 21
 16
 22
 20
 16
 18
 23
 17
 15
 19
 16
 23
 25
 17
 27
 27
 25
 22
 19
 23
 20
 24
 16
 16
 24
 19
 15
 24
 28
 19
 12
 17
 22
 17
 28
 20
 34
 15
 27
 22
 22
 35
 23
 25
 17
 22
 30
 16
 26
 20
 31
 26
 23
 29
 26
 30
 24
 25
 23
 22
 34
 17
 32
 25
 33
 27
 28
 26
 31
 29
 31
 27
 25
 31
 23
 28
 25
 27
 25
 21
 31
 17
 25
 34
 27
 24
 26
 20
 45
 35
 27
 31
 33
 26
 32
 26
 29
 32
 31
 27
 31
 43
 26
 23
 44
 36
 35
 24
 34
 29
 36
 25
 35
 26
 28
 30
 32
 28
 44
 36
 31
 31
 40
 43
 37
 47
 32
 46
 46
 42
 38
 44
 45
 48
 38
 28
 44
 55
 37
 31
 38
 37
 33
 57
 37
 34
 40
 45
 43
 45
 32
 51
 38
 43
 32
 40
 42
 31
 42
 39
 49
 48
 43
 45
 42
 42
 52
 53
 45
 42
 58
 32
 52
 55
 40
 42
 47
 49
 51
 46
 48
 44
 40
 46
 62
 58
 41
 44
 54
 44
 54
 40
 54
 56
 55
 41
 57
 55
 43
 55
 49
 45
 46
 46
 40
 57
 56
 48
 55
 49
 51
 36
 55
 45
 49
 51
 54
 44
 54
 49
 53
 57
 50
 70
 59
 56
 59
 62
 66
 46
 68
 48
 70
 54
 56
 57
 49
 45
 63
 64
 57
 60
 61
 45
 58
 60
 60
 63
 43
 48
 56
 53
 53
 63
 65
 70
 62
 69
 74
 59
 68
 56
 76
 68
 67
 61
 81
 69
 58
 68
 71
 62
 57
 56
 80
 41
 56
 64
 61
 64
 56
 56
 52
 68
 55
 60
 62
 65
 56
 57
 50
 64
 77
 79
 51
 64
 60
 44
 61
 69
 68
 72
 70
 82
 77
 70
 91
 90
 123
 72
 103
 105
 112
 89
 115
 110
 86
 121
 110
 135
 161
 186
 209
 266
 236
 313
 320
 316
 356
 340
 318
 289
 265
 222
 201
 187
 138
 103
 83
 95
 82
 70
 64
 56
 64
 58
 64
 53
 63
 62
 57
 53
 44
 53
 45
 53
 55
 53
 39
 53
 58
 60
 45
 43
 37
 39
 47
 45
 44
 32
 54
 48
 56
 47
 54
 52
 44
 47
 57
 51
 40
 45
 47
 41
 45
 43
 45
 47
 36
 42
 35
 43
 38
 51
 45
 38
 42
 30
 33
 35
 31
 46
 34
 41
 41
 31
 44
 29
 31
 35
 40
 33
 34
 44
 38
 40
 37
 36
 39
 39
 28
 39
 40
 42
 45
 42
 36
 47
 37
 31
 32
 28
 49
 30
 29
 40
 36
 41
 35
 33
 28
 34
 41
 38
 35
 45
 39
 42
 31
 34
 36
 53
 38
 38
 34
 47
 37
 51
 38
 30
 43
 34
 39
 40
 31
 41
 32
 35
 30
 29
 41
 36
 33
 30
 41
 21
 28
 48
 40
 38
 35
 38
 32
 40
 27
 34
 37
 38
 35
 43
 46
 37
 30
 23
 26
 39
 31
 39
 32
 58
 32
 30
 32
 43
 36
 30
 41
 41
 55
 31
 41
 42
 33
 42
 42
 39
 27
 43
 37
 42
 37
 42
 41
 37
 41
 34
 41
 39
 41
 37
 31
 33
 58
 35
 27
 43
 35
 46
 42
 52
 52
 48
 42
 47
 66
 46
 46
 50
 43
 45
 50
 47
 51
 60
 75
 62
 71
 76
 72
 84
 84
 90
 82
 96
 81
 92
 98
 92
 94
 87
 56
 60
 69
 55
 59
 55
 55
 40
 48
 43
 37
 43
 38
 39
 39
 35
 44
 34
 42
 42
 39
 36
 45
 35
 29
 35
 34
 42
 33
 34
 33
 24
 36
 37
 34
 37
 45
 33
 40
 37
 34
 24
 32
 34
 32
 24
 33
 44
 38
 31
 36
 24
 37
 43
 32
 31
 30
 38
 30
 40
 29
 31
 28
 28
 41
 33
 29
 45
 41
 43
 26
 30
 37
 39
 30
 37
 38
 38
 35
 37
 35
 38
 40
 33
 40
 27
 41
 33
 36
 37
 28
 46
 37
 35
 34
 39
 38
 37
 41
 40
 45
 27
 35
 50
 30
 36
 37
 47
 44
 35
 34
 41
 38
 48
 52
 42
 52
 36
 38
 54
 46
 43
 37
 46
 46
 39
 50
 47
 58
 48
 48
 54
 58
 56
 45
 46
 55
 44
 53
 61
 47
 56
 48
 61
 61
 58
 66
 58
 52
 65
 65
 56
 67
 59
 63
 80
 69
 70
 75
 88
 63
 100
 78
 79
 83
 93
 83
 94
 87
 89
 101
 114
 104
 136
 162
 212
 227
 323
 481
 639
 926
 1202
 1748
 2246
 2775
 3578
 4452
 5230
 6156
 6866
 7497
 7563
 7899
 7774
 7090
 6780
 5888
 4998
 4251
 3475
 2804
 2075
 1608
 1132
 783
 635
 463
 315
 188
 195
 175
 134
 129
 85
 115
 83
 88
 87
 74
 80
 82
 83
 70
 74
 73
 64
 68
 73
 62
 59
 77
 67
 62
 64
 63
 65
 55
 61
 57
 60
 59
 57
 52
 52
 63
 51
 40
 51
 50
 51
 46
 54
 51
 55
 31
 44
 52
 35
 51
 41
 35
 50
 38
 41
 43
 49
 41
 34
 47
 31
 41
 27
 38
 45
 49
 34
 35
 39
 33
 31
 36
 44
 32
 35
 33
 34
 36
 38
 29
 38
 39
 35
 43
 47
 33
 43
 35
 33
 42
 23
 34
 38
 50
 19
 33
 39
 35
 39
 32
 27
 40
 31
 38
 34
 31
 41
 33
 35
 28
 45
 36
 45
 39
 30
 34
 39
 36
 21
 22
 26
 28
 37
 35
 18
 33
 33
 29
 39
 34
 36
 24
 28
 38
 32
 35
 27
 37
 28
 30
 27
 26
 35
 32
 26
 24
 32
 35
 26
 37
 23
 21
 30
 33
 22
 27
 23
 15
 27
 26
 27
 18
 21
 31
 29
 26
 23
 21
 31
 22
 19
 24
 31
 27
 22
 13
 35
 36
 34
 26
 32
 21
 28
 25
 26
 30
 24
 34
 31
 24
 25
 24
 27
 38
 26
 16
 27
 26
 23
 25
 22
 24
 29
 23
 24
 24
 20
 22
 32
 33
 24
 20
 21
 20
 25
 16
 21
 16
 17
 15
 25
 13
 18
 28
 33
 23
 22
 15
 24
 17
 20
 18
 19
 17
 19
 17
 17
 17
 22
 22
 16
 16
 15
 20
 14
 20
 17
 17
 14
 20
 12
 10
 13
 22
 13
 14
 22
 16
 14
 15
 18
 15
 16
 15
 23
 23
 19
 22
 23
 34
 36
 32
 37
 48
 48
 64
 37
 64
 58
 48
 66
 48
 57
 59
 30
 34
 30
 23
 15
 18
 14
 18
 10
 11
 7
 9
 5
 16
 11
 19
 12
 10
 16
 16
 15
 8
 15
 19
 15
 24
 26
 36
 40
 37
 48
 59
 58
 73
 80
 82
 85
 97
 92
 82
 66
 68
 81
 50
 47
 43
 28
 21
 33
 26
 21
 21
 12
 16
 20
 13
 9
 10
 13
 15
 11
 14
 4
 10
 11
 10
 6
 9
 12
 7
 15
 9
 11
 12
 7
 11
 13
 5
 11
 7
 10
 13
 13
 10
 7
 10
 13
 9
 13
 11
 12
 8
 9
 11
 5
 10
 9
 9
 6
 11
 11
 9
 9
 9
 7
 9
 5
 7
 6
 9
 10
 12
 8
 11
 8
 6
 15
 9
 11
 9
 11
 9
 8
 8
 6
 9
 5
 6
 7
 11
 10
 11
 8
 13
 9
 8
 11
 13
 8
 9
 8
 13
 7
 15
 7
 7
 6
 10
 8
 8
 7
 7
 5
 8
 2
 18
 10
 9
 8
 15
 8
 6
 11
 9
 5
 12
 11
 7
 9
 6
 14
 14
 6
 13
 9
 10
 6
 8
 9
 4
 13
 8
 6
 4
 8
 15
 8
 10
 7
 8
 6
 9
 3
 5
 7
 8
 7
 6
 14
 7
 8
 9
 10
 15
 8
 9
 10
 7
 9
 7
 11
 8
 9
 7
 8
 9
 9
 10
 11
 19
 16
 13
 16
 20
 23
 24
 20
 21
 23
 29
 21
 29
 16
 29
 20
 31
 27
 30
 27
 23
 25
 25
 25
 19
 21
 12
 11
 18
 9
 9
 13
 8
 12
 7
 16
 5
 9
 12
 15
 13
 10
 10
 11
 9
 8
 7
 11
 10
 6
 6
 4
 7
 11
 11
 6
 13
 10
 17
 19
 9
 14
 13
 11
 15
 18
 10
 11
 18
 21
 14
 11
 20
 9
 10
 10
 10
 7
 15
 9
 5
 7
 13
 5
 11
 9
 12
 14
 5
 5
 5
 10
 13
 11
 7
 11
 14
 6
 15
 13
 7
 4
 15
 16
 7
 11
 16
 10
 24
 25
 22
 20
 22
 21
 18
 21
 27
 21
 18
 12
 11
 4
 7
 6
 10
 10
 6
 9
 7
 7
 5
 13
 7
 10
 10
 10
 6
 10
 12
 14
 7
 15
 13
 8
 14
 8
 5
 7
 4
 12
 7
 7
 10
 10
 12
 13
 6
 6
 9
 8
 5
 11
 6
 10
 9
 8
 11
 6
 10
 12
 8
 4
 10
 8
 12
 8
 9
 8
 11
 5
 6
 7
 5
 5
 4
 4
 6
 6
 7
 5
 7
 8
 7
 7
 2
 7
 7
 11
 1
 8
 8
 4
 7
 7
 8
 8
 3
 8
 7
 11
 5
 6
 6
 6
 9
 6
 5
 6
 3
 3
 6
 8
 7
 8
 7
 6
 3
 1
 8
 5
 3
 3
 6
 4
 1
 8
 4
 6
 3
 8
 7
 5
 5
 4
 5
 7
 6
 5
 9
 5
 2
 5
 8
 2
 5
 3
 5
 7
 5
 3
 7
 2
 6
 5
 5
 6
 5
 5
 5
 7
 6
 5
 4
 5
 6
 6
 5
 9
 2
 2
 5
 3
 4
 3
 6
 7
 7
 3
 5
 6
 3
 3
 5
 5
 9
 6
 3
 7
 6
 4
 3
 4
 5
 6
 10
 6
 3
 6
 4
 8
 9
 7
 5
 8
 10
 6
 11
 6
 11
 17
 17
 25
 24
 27
 47
 60
 53
 66
 71
 79
 93
 107
 105
 108
 96
 114
 82
 74
 63
 60
 52
 40
 37
 23
 29
 19
 17
 15
 8
 12
 4
 3
 8
 3
 1
 3
 5
 4
 3
 8
 7
 6
 9
 3
