VERSION:    3.1
ELEMENTS:              1
DATE:       Jul 16, 2014 17:25:16.**
CHANNELS:           2048
ROIS:        0
REAL_TIME:   20.0001736
LIVE_TIME:   17.2180462
CAL_OFFSET:  -7.2238334e-02
CAL_SLOPE:   9.2194537e-03
CAL_QUAD:    0.0000000e+00
TWO_THETA:   10.0000000
DATA: 
 0
 0
 0
 0
 0
 0
 0
 0
 0
 0
 0
 0
 0
 0
 0
 0
 0
 0
 0
 0
 0
 0
 0
 0
 0
 0
 0
 0
 0
 0
 0
 0
 0
 0
 0
 0
 0
 0
 0
 0
 0
 0
 0
 0
 0
 0
 0
 0
 0
 0
 0
 0
 0
 0
 0
 0
 0
 0
 0
 0
 0
 0
 0
 0
 0
 0
 0
 0
 0
 0
 0
 0
 0
 0
 0
 0
 0
 0
 0
 0
 0
 0
 0
 0
 0
 0
 0
 0
 0
 0
 0
 0
 0
 0
 0
 0
 0
 0
 0
 0
 0
 0
 0
 0
 0
 0
 0
 0
 0
 0
 0
 0
 0
 0
 0
 0
 0
 0
 0
 0
 0
 0
 0
 0
 0
 0
 0
 0
 0
 0
 0
 0
 0
 0
 0
 0
 0
 0
 0
 0
 0
 0
 0
 0
 0
 0
 0
 0
 0
 0
 0
 0
 0
 0
 0
 0
 0
 0
 0
 0
 0
 0
 0
 0
 0
 0
 0
 0
 0
 0
 0
 0
 0
 0
 0
 0
 0
 0
 0
 0
 0
 0
 0
 0
 0
 0
 0
 0
 0
 0
 0
 0
 0
 0
 0
 0
 0
 0
 0
 0
 0
 0
 0
 0
 0
 0
 0
 0
 0
 0
 0
 0
 0
 0
 0
 0
 0
 0
 1
 0
 0
 0
 0
 1
 0
 0
 0
 1
 1
 1
 1
 1
 1
 0
 2
 1
 0
 1
 1
 4
 1
 2
 1
 3
 2
 3
 2
 4
 5
 2
 3
 3
 4
 6
 2
 3
 4
 3
 2
 1
 2
 2
 4
 4
 1
 3
 3
 2
 0
 2
 1
 3
 1
 4
 2
 2
 3
 1
 4
 4
 4
 3
 5
 3
 1
 0
 7
 2
 3
 2
 2
 2
 5
 5
 3
 1
 1
 1
 2
 3
 2
 0
 3
 5
 2
 3
 2
 1
 3
 3
 2
 0
 4
 0
 1
 2
 3
 1
 5
 1
 2
 4
 6
 1
 1
 4
 1
 0
 3
 3
 1
 6
 2
 3
 4
 3
 3
 1
 2
 1
 2
 3
 1
 2
 1
 1
 1
 3
 4
 2
 3
 3
 2
 2
 5
 4
 2
 5
 3
 1
 2
 5
 3
 1
 3
 1
 6
 3
 5
 5
 4
 3
 1
 2
 0
 3
 3
 4
 4
 3
 3
 2
 3
 3
 3
 4
 3
 1
 6
 4
 5
 1
 4
 4
 6
 7
 6
 6
 5
 3
 3
 7
 2
 1
 6
 9
 9
 4
 1
 4
 6
 8
 1
 3
 7
 6
 7
 9
 3
 6
 9
 5
 15
 10
 17
 5
 11
 21
 26
 27
 23
 32
 31
 32
 31
 28
 18
 20
 21
 14
 10
 16
 20
 14
 32
 31
 24
 38
 57
 71
 67
 81
 97
 113
 115
 100
 106
 106
 80
 63
 56
 39
 40
 33
 36
 22
 22
 21
 17
 19
 9
 20
 16
 16
 21
 16
 16
 12
 25
 11
 16
 19
 29
 35
 23
 17
 32
 42
 27
 32
 36
 47
 59
 47
 58
 56
 64
 50
 55
 30
 42
 36
 45
 40
 27
 22
 20
 10
 21
 18
 15
 7
 19
 18
 10
 9
 7
 11
 10
 18
 13
 18
 19
 12
 14
 13
 11
 19
 19
 18
 21
 15
 17
 23
 23
 22
 13
 24
 14
 20
 20
 20
 17
 16
 14
 21
 26
 25
 22
 29
 32
 28
 26
 33
 31
 30
 37
 32
 36
 30
 30
 25
 18
 32
 22
 23
 24
 27
 24
 17
 23
 15
 25
 18
 26
 15
 21
 33
 11
 18
 28
 16
 15
 22
 30
 27
 33
 33
 25
 32
 18
 23
 21
 18
 24
 20
 21
 28
 18
 22
 10
 31
 19
 20
 22
 22
 30
 26
 28
 34
 19
 27
 37
 24
 11
 30
 29
 24
 25
 21
 25
 23
 23
 30
 20
 26
 31
 27
 37
 29
 27
 37
 43
 49
 56
 68
 73
 115
 159
 202
 257
 412
 609
 900
 1095
 1479
 1923
 2460
 2775
 3252
 3601
 3892
 3962
 3885
 3604
 3270
 2781
 2515
 1945
 1496
 1195
 865
 597
 408
 254
 210
 133
 96
 71
 56
 55
 47
 60
 61
 85
 102
 123
 165
 253
 298
 399
 524
 624
 767
 895
 993
 1186
 1284
 1332
 1408
 1596
 1707
 1729
 1738
 1809
 1823
 1755
 1625
 1475
 1292
 1081
 850
 738
 568
 400
 292
 220
 133
 112
 72
 51
 38
 39
 25
 24
 29
 29
 26
 22
 24
 19
 21
 29
 30
 24
 27
 30
 26
 32
 32
 22
 31
 23
 31
 17
 34
 30
 33
 39
 66
 90
 91
 124
 174
 236
 302
 414
 484
 609
 696
 841
 968
 1008
 964
 948
 927
 863
 737
 608
 500
 388
 301
 232
 178
 115
 73
 56
 41
 36
 36
 29
 42
 37
 58
 66
 77
 94
 146
 190
 229
 274
 336
 360
 422
 464
 473
 473
 464
 476
 405
 388
 302
 245
 214
 152
 132
 106
 92
 82
 89
 108
 105
 119
 112
 131
 137
 141
 128
 131
 108
 103
 128
 82
 63
 49
 35
 22
 11
 20
 13
 7
 13
 4
 7
 9
 4
 8
 6
 5
 4
 6
 5
 3
 7
 4
 11
 6
 7
 1
 7
 10
 4
 5
 3
 11
 6
 9
 8
 3
 5
 6
 4
 5
 7
 3
 5
 6
 8
 7
 10
 7
 8
 6
 6
 6
 6
 7
 8
 9
 7
 10
 8
 5
 7
 0
 14
 11
 6
 5
 6
 6
 6
 4
 4
 7
 4
 9
 4
 5
 4
 3
 5
 6
 3
 2
 6
 9
 9
 4
 5
 6
 5
 4
 7
 10
 3
 7
 3
 5
 9
 5
 4
 4
 4
 5
 2
 3
 7
 3
 5
 6
 7
 6
 4
 4
 6
 6
 4
 4
 4
 4
 4
 7
 3
 4
 5
 3
 4
 7
 8
 4
 6
 4
 12
 6
 3
 4
 8
 6
 3
 11
 7
 7
 4
 3
 1
 6
 8
 4
 4
 4
 6
 7
 3
 6
 2
 11
 5
 3
 3
 8
 6
 6
 7
 5
 8
 4
 6
 6
 5
 5
 3
 4
 6
 3
 4
 8
 5
 3
 5
 6
 6
 9
 4
 11
 3
 3
 4
 5
 3
 6
 10
 3
 3
 4
 6
 8
 4
 4
 8
 3
 8
 6
 3
 10
 6
 7
 2
 6
 5
 8
 4
 6
 7
 7
 4
 8
 8
 6
 2
 8
 2
 7
 10
 10
 5
 6
 3
 3
 8
 7
 6
 6
 11
 9
 12
 15
 11
 14
 26
 30
 32
 55
 95
 114
 151
 208
 279
 360
 416
 536
 568
 653
 712
 766
 695
 694
 670
 609
 490
 413
 364
 316
 253
 162
 121
 99
 45
 39
 30
 27
 17
 7
 10
 12
 6
 13
 12
 10
 8
 12
 12
 5
 12
 4
 9
 9
 8
 9
 5
 4
 5
 6
 7
 3
 11
 10
 11
 12
 3
 2
 3
 11
 4
 4
 1
 6
 6
 3
 6
 2
 3
 9
 6
 7
 3
 6
 4
 9
 9
 8
 5
 2
 6
 10
 2
 9
 5
 3
 5
 6
 5
 6
 5
 4
 7
 7
 4
 7
 3
 6
 6
 11
 4
 8
 7
 5
 10
 5
 9
 4
 8
 7
 10
 5
 7
 4
 7
 7
 0
 6
 6
 6
 6
 6
 7
 6
 6
 6
 4
 6
 9
 8
 9
 5
 4
 5
 10
 4
 6
 2
 5
 14
 5
 2
 7
 3
 6
 6
 8
 4
 2
 7
 10
 4
 9
 5
 5
 5
 11
 9
 6
 5
 8
 9
 2
 6
 6
 4
 7
 5
 9
 4
 6
 6
 6
 4
 6
 3
 11
 13
 9
 13
 26
 29
 31
 41
 68
 90
 140
 160
 229
 250
 264
 355
 417
 440
 493
 495
 496
 512
 482
 421
 367
 337
 267
 207
 170
 140
 112
 77
 46
 28
 33
 32
 8
 13
 7
 7
 9
 12
 9
 11
 9
 12
 8
 8
 10
 7
 3
 2
 6
 9
 9
 10
 13
 11
 11
 11
 22
 17
 14
 14
 21
 16
 32
 40
 40
 46
 62
 91
 101
 103
 105
 118
 101
 114
 87
 74
 78
 61
 63
 53
 44
 22
 30
 20
 17
 16
 10
 14
 7
 6
 6
 12
 14
 3
 8
 8
 9
 12
 5
 15
 5
 9
 11
 6
 12
 17
 8
 11
 12
 12
 13
 10
 25
 7
 12
 10
 4
 4
 7
 11
 9
 6
 9
 8
 7
 6
 1
 2
 6
 4
 7
 6
 8
 11
 4
 2
 4
 7
 3
 6
 3
 9
 9
 7
 5
 8
 10
 5
 11
 5
 10
 13
 5
 4
 12
 3
 7
 4
 8
 8
 6
 11
 10
 8
 10
 7
 9
 6
 5
 10
 2
 9
 8
 7
 6
 3
 10
 10
 7
 5
 7
 4
 5
 1
 5
 3
 6
 8
 3
 12
 4
 2
 1
 3
 5
 9
 7
 6
 6
 6
 5
 9
 9
 9
 6
 10
 2
 8
 9
 5
 8
 1
 12
 7
 6
 5
 2
 5
 4
 11
 7
 10
 3
 3
 4
 8
 7
 2
 1
 6
 4
 6
 3
 4
 5
 4
 3
 4
 2
 7
 4
 2
 3
 7
 6
 3
 3
 5
 8
 3
 10
 3
 3
 7
 2
 5
 7
 7
 14
 6
 7
 5
 10
 12
 12
 27
 14
 39
 38
 47
 45
 47
 49
 70
 66
 50
 52
 44
 47
 33
 33
 27
 19
 28
 16
 15
 7
 4
 5
 8
 1
 4
 5
 3
 8
 4
 4
 3
 3
 2
 7
 5
 1
 8
 6
 2
 2
 2
 3
 6
 5
 2
 3
 2
 1
 1
 3
 4
 5
 3
 1
 3
 2
 0
 3
 6
 2
 5
 1
 5
 3
 2
 4
 0
 3
 5
 3
 2
 5
 2
 4
 3
 3
 1
 5
 1
 3
 5
 2
 6
 3
 1
 5
 2
 8
 4
 1
 6
 4
 3
 5
 1
 1
 2
 5
 2
 1
 2
 2
 2
 2
 6
 4
 5
 3
 0
 7
 4
 3
 5
 3
 2
 4
 1
 2
 2
 5
 2
 5
 4
 7
 6
 2
 4
 9
 5
 13
 17
 9
 21
 29
 47
 51
 54
 63
 78
 88
 92
 95
 89
 86
 84
 72
 43
 75
 67
 34
 32
 26
 18
 13
 9
 9
 4
 9
 5
 4
 5
 1
 3
 1
 4
 2
 4
 2
 5
 6
 8
 6
 15
 10
 12
 16
 22
 36
 26
 35
 44
 51
 67
 46
 59
 55
 54
 52
 47
 42
 32
 39
 32
 17
 15
 17
 10
 4
 9
 9
 2
 4
 5
 5
 2
 4
 6
 6
 3
 2
 5
 6
 8
 6
 7
 8
 2
 6
 4
 0
 6
 2
 0
 5
 5
 0
 3
 4
 3
 0
 2
 3
 2
 1
 2
 2
 4
 1
 4
 1
 4
 4
 0
 3
 1
 2
 4
 1
 9
 1
 1
 2
 1
 4
 4
 2
 2
 6
 2
 0
 7
 6
 1
 1
 7
 6
 2
 2
 2
 4
 1
 1
 1
 4
 4
 1
 1
 0
 1
 1
 4
 4
 1
 1
 5
 1
 3
 0
 1
 2
 1
 1
 1
 3
 2
 2
 0
 1
 1
 2
 4
 3
 1
 2
 2
 0
 2
 3
 4
 1
 4
 4
 1
 1
 3
 1
 1
 2
 1
 1
 1
 4
 2
 0
 1
 1
 3
 5
 1
 1
 3
 7
 7
 12
 9
 14
 11
 25
 34
 26
 31
 36
 43
 43
 50
 43
 51
 41
 42
 36
 54
 32
 17
 25
 15
 7
 12
 13
 8
 7
 4
 2
 4
 3
 2
 4
 1
 3
 1
 1
 4
 3
 0
 2
 1
 4
 2
 3
 6
 1
 3
 3
 2
 3
 1
 2
 3
 3
 3
 1
 6
 1
 1
 3
 3
 8
 1
 3
 5
 2
 5
 5
 4
 2
 2
 2
 3
 1
 2
 2
 3
 3
 3
 2
 1
 5
 2
 1
 2
 6
 1
 1
 1
 2
 2
 1
 2
 1
 2
 2
 1
 0
 2
 2
 5
 0
 2
 2
 3
 6
 4
 3
 5
 6
 4
 11
 13
 7
 9
 20
 14
 31
 25
 29
 26
 30
 37
 33
 31
 28
 29
 27
 21
 23
 19
 10
 10
 19
 4
 3
 5
 5
 6
 3
 2
 3
 3
 3
 4
 0
 0
 0
 2
 0
 2
 0
 1
 0
 1
 0
 0
 2
 4
 1
 0
 2
 1
 1
 1
 2
 2
 5
 1
 1
 1
 2
 2
 0
 1
 0
 1
 1
 2
 2
 0
 0
 0
 3
 1
 0
 0
 0
 0
 1
 1
 0
 1
 0
 2
 2
 0
 1
 0
 1
 3
 0
 0
 1
 1
 1
 2
 1
 0
 0
 1
 1
 1
 0
