VERSION:    3.1
ELEMENTS:              1
DATE:       Jul 16, 2014 18:46:10.**
CHANNELS:           2048
ROIS:        0
REAL_TIME:   100.0004578
LIVE_TIME:   91.5167007
CAL_OFFSET:  -7.2238334e-02
CAL_SLOPE:   9.2194537e-03
CAL_QUAD:    0.0000000e+00
TWO_THETA:   10.0000000
DATA: 
 0
 0
 0
 0
 0
 0
 0
 0
 0
 0
 0
 0
 0
 0
 0
 0
 0
 0
 0
 0
 0
 0
 0
 0
 0
 0
 0
 0
 0
 0
 0
 0
 0
 0
 0
 0
 0
 0
 0
 0
 0
 0
 0
 0
 0
 0
 0
 0
 0
 0
 0
 0
 0
 0
 0
 0
 0
 0
 0
 0
 0
 0
 0
 0
 0
 0
 0
 0
 0
 0
 0
 0
 0
 0
 0
 0
 0
 0
 0
 0
 0
 0
 0
 0
 0
 0
 0
 0
 0
 0
 0
 0
 0
 0
 0
 0
 0
 0
 0
 0
 0
 0
 0
 0
 0
 0
 0
 0
 0
 0
 0
 0
 0
 0
 0
 0
 0
 0
 0
 0
 0
 0
 0
 0
 0
 0
 0
 0
 0
 0
 0
 0
 0
 0
 0
 0
 0
 0
 0
 0
 0
 0
 0
 0
 0
 0
 0
 0
 0
 0
 0
 0
 0
 0
 0
 0
 0
 0
 0
 0
 0
 0
 0
 0
 0
 0
 0
 0
 0
 0
 0
 0
 0
 0
 0
 0
 0
 0
 0
 0
 0
 0
 0
 0
 0
 0
 0
 0
 0
 0
 0
 0
 0
 0
 0
 0
 0
 0
 0
 0
 0
 0
 0
 0
 0
 0
 0
 0
 0
 0
 0
 0
 0
 0
 0
 0
 0
 0
 0
 0
 1
 0
 1
 1
 1
 2
 1
 1
 1
 0
 2
 4
 7
 5
 6
 7
 6
 14
 12
 5
 7
 10
 15
 12
 5
 19
 17
 14
 16
 21
 16
 16
 22
 16
 15
 19
 8
 26
 22
 13
 24
 15
 19
 12
 11
 20
 16
 19
 15
 27
 35
 22
 29
 31
 36
 51
 65
 65
 97
 119
 141
 151
 165
 160
 184
 213
 177
 188
 179
 167
 140
 127
 118
 126
 125
 124
 174
 236
 289
 314
 468
 541
 699
 739
 873
 910
 931
 985
 988
 896
 876
 729
 645
 491
 421
 325
 211
 161
 133
 84
 47
 47
 30
 42
 12
 22
 24
 17
 19
 16
 11
 18
 21
 14
 16
 18
 19
 7
 12
 28
 20
 18
 28
 30
 22
 18
 36
 41
 41
 41
 57
 56
 51
 50
 25
 35
 40
 51
 38
 34
 40
 57
 42
 63
 65
 96
 92
 132
 156
 138
 148
 178
 193
 185
 216
 173
 136
 167
 132
 105
 89
 75
 82
 75
 60
 56
 45
 51
 50
 46
 37
 43
 29
 29
 27
 27
 37
 20
 21
 28
 17
 15
 25
 33
 23
 22
 35
 19
 18
 25
 21
 39
 36
 28
 20
 29
 26
 30
 27
 39
 40
 21
 45
 30
 40
 21
 32
 27
 38
 44
 51
 35
 37
 39
 48
 33
 54
 31
 37
 46
 32
 43
 42
 48
 48
 29
 41
 57
 51
 41
 53
 44
 52
 63
 43
 55
 58
 73
 72
 79
 62
 74
 54
 63
 84
 64
 74
 68
 94
 93
 93
 94
 77
 106
 107
 96
 108
 103
 103
 131
 111
 116
 144
 162
 137
 171
 215
 281
 344
 470
 735
 1145
 1565
 2331
 3249
 4446
 5945
 7576
 9596
 11697
 13967
 15654
 17857
 19185
 20156
 20298
 20153
 18970
 17082
 15255
 13178
 10769
 8631
 6647
 4934
 3614
 2435
 1697
 1085
 670
 447
 279
 241
 146
 126
 95
 103
 88
 84
 80
 71
 83
 87
 88
 79
 86
 73
 94
 68
 76
 76
 84
 70
 99
 94
 97
 88
 105
 89
 82
 100
 105
 113
 131
 128
 135
 192
 233
 337
 495
 697
 963
 1253
 1671
 2212
 2808
 3260
 3760
 4169
 4594
 4681
 4831
 4617
 4322
 3990
 3293
 2986
 2580
 2176
 1828
 1622
 1427
 1319
 1172
 1048
 933
 834
 734
 620
 515
 403
 282
 202
 146
 94
 53
 44
 35
 16
 20
 18
 12
 10
 8
 19
 11
 9
 12
 9
 12
 9
 11
 14
 9
 10
 11
 19
 11
 8
 17
 16
 10
 14
 16
 14
 14
 12
 22
 14
 13
 20
 6
 29
 13
 18
 18
 15
 10
 16
 18
 21
 14
 17
 12
 20
 10
 19
 12
 11
 20
 20
 15
 17
 19
 17
 15
 20
 23
 16
 18
 18
 15
 23
 24
 29
 25
 17
 27
 18
 21
 24
 26
 35
 26
 32
 43
 32
 32
 34
 28
 45
 30
 43
 23
 43
 32
 33
 52
 36
 36
 40
 45
 46
 51
 37
 53
 54
 52
 55
 73
 46
 54
 73
 84
 57
 61
 85
 78
 94
 86
 106
 92
 98
 119
 98
 113
 130
 135
 147
 152
 147
 165
 175
 172
 164
 200
 186
 206
 217
 230
 235
 209
 213
 249
 231
 222
 255
 265
 240
 256
 283
 253
 276
 208
 198
 238
 248
 230
 215
 193
 186
 202
 184
 173
 192
 175
 142
 135
 165
 171
 140
 143
 125
 141
 127
 126
 107
 119
 126
 103
 97
 114
 97
 92
 88
 96
 110
 73
 89
 78
 82
 91
 77
 78
 73
 71
 65
 71
 78
 67
 80
 84
 63
 76
 73
 57
 76
 80
 69
 78
 66
 57
 61
 70
 71
 72
 74
 72
 66
 58
 64
 75
 66
 55
 56
 58
 55
 62
 63
 54
 59
 68
 57
 40
 58
 43
 60
 50
 38
 57
 47
 55
 53
 66
 62
 51
 61
 48
 52
 51
 40
 46
 53
 58
 59
 38
 60
 52
 51
 46
 52
 62
 54
 49
 52
 60
 44
 52
 60
 61
 45
 53
 43
 43
 52
 39
 63
 48
 45
 46
 54
 45
 63
 56
 63
 49
 62
 40
 53
 39
 48
 41
 39
 62
 46
 50
 50
 50
 47
 57
 57
 42
 36
 53
 42
 56
 48
 42
 48
 53
 36
 43
 48
 56
 36
 49
 50
 44
 57
 51
 42
 35
 42
 46
 45
 45
 58
 44
 50
 44
 40
 43
 45
 51
 52
 40
 33
 46
 55
 47
 47
 43
 36
 54
 54
 45
 54
 41
 37
 42
 38
 49
 48
 46
 28
 47
 37
 36
 35
 55
 41
 44
 44
 54
 48
 42
 42
 38
 44
 51
 46
 46
 34
 42
 34
 50
 35
 47
 46
 40
 49
 62
 52
 55
 55
 50
 44
 60
 44
 67
 54
 40
 49
 53
 64
 56
 51
 58
 52
 54
 64
 58
 76
 60
 53
 62
 60
 60
 50
 66
 73
 82
 87
 92
 67
 82
 90
 87
 91
 96
 70
 81
 85
 84
 63
 83
 54
 60
 57
 66
 54
 46
 40
 45
 49
 43
 38
 47
 38
 33
 38
 35
 52
 56
 42
 46
 48
 39
 49
 42
 49
 39
 52
 51
 47
 63
 47
 49
 62
 49
 67
 46
 51
 44
 61
 57
 47
 49
 63
 53
 68
 54
 56
 56
 43
 70
 45
 54
 56
 57
 66
 60
 68
 76
 52
 68
 75
 66
 65
 52
 58
 63
 48
 61
 53
 62
 53
 43
 47
 37
 55
 44
 45
 42
 56
 46
 50
 39
 46
 41
 58
 50
 55
 43
 50
 62
 53
 57
 53
 57
 44
 34
 41
 55
 55
 37
 50
 49
 57
 57
 52
 50
 56
 50
 53
 51
 53
 55
 50
 59
 56
 56
 60
 53
 48
 48
 40
 44
 72
 52
 63
 49
 60
 67
 49
 69
 62
 65
 68
 67
 67
 60
 40
 48
 52
 42
 55
 53
 60
 50
 46
 47
 50
 43
 50
 60
 61
 50
 53
 38
 54
 57
 54
 57
 46
 44
 50
 61
 55
 36
 44
 50
 48
 49
 53
 44
 52
 57
 52
 57
 44
 51
 56
 57
 54
 51
 38
 55
 53
 41
 50
 61
 60
 44
 51
 43
 48
 55
 49
 51
 57
 44
 69
 59
 45
 49
 50
 46
 48
 46
 45
 36
 37
 63
 52
 44
 52
 47
 40
 46
 55
 55
 58
 60
 50
 52
 44
 45
 45
 47
 51
 47
 70
 52
 45
 61
 65
 53
 58
 51
 50
 52
 55
 48
 49
 58
 50
 47
 60
 65
 50
 53
 57
 61
 48
 60
 46
 57
 56
 48
 55
 52
 67
 55
 53
 50
 56
 53
 68
 46
 67
 51
 55
 76
 61
 69
 59
 49
 54
 60
 56
 59
 67
 48
 60
 54
 59
 59
 55
 70
 57
 49
 71
 73
 76
 74
 74
 70
 71
 74
 53
 69
 86
 67
 83
 83
 60
 72
 65
 64
 54
 58
 75
 65
 67
 68
 64
 68
 75
 58
 67
 67
 53
 68
 63
 52
 60
 69
 64
 65
 69
 65
 60
 55
 74
 83
 70
 70
 59
 67
 73
 67
 81
 83
 58
 68
 65
 86
 86
 75
 86
 82
 81
 85
 107
 72
 89
 78
 93
 93
 100
 99
 88
 90
 90
 72
 95
 108
 94
 102
 102
 104
 115
 128
 127
 109
 102
 100
 112
 116
 105
 117
 92
 102
 89
 86
 101
 113
 80
 106
 86
 100
 94
 85
 97
 96
 84
 78
 83
 76
 72
 82
 80
 93
 70
 79
 77
 76
 65
 79
 73
 63
 82
 87
 68
 52
 62
 76
 59
 60
 54
 64
 79
 75
 71
 65
 62
 53
 74
 71
 75
 75
 79
 90
 82
 71
 76
 73
 83
 77
 87
 82
 77
 83
 98
 89
 87
 102
 115
 112
 95
 111
 95
 114
 89
 118
 99
 110
 120
 121
 103
 113
 108
 104
 134
 103
 93
 97
 121
 104
 110
 113
 116
 120
 101
 99
 109
 105
 98
 99
 101
 104
 104
 77
 96
 77
 92
 97
 94
 90
 87
 92
 88
 75
 93
 88
 77
 67
 77
 72
 71
 82
 71
 67
 79
 74
 60
 70
 72
 66
 59
 74
 67
 69
 54
 45
 68
 54
 68
 51
 50
 48
 52
 55
 73
 53
 46
 42
 41
 56
 39
 42
 53
 55
 37
 55
 51
 34
 45
 36
 47
 52
 45
 44
 32
 37
 37
 41
 45
 29
 31
 37
 35
 36
 31
 32
 46
 33
 39
 34
 42
 38
 26
 40
 22
 32
 35
 30
 24
 24
 23
 24
 32
 38
 36
 27
 22
 25
 26
 20
 29
 27
 31
 23
 29
 23
 32
 26
 26
 35
 16
 30
 32
 31
 28
 21
 26
 24
 22
 24
 17
 23
 21
 31
 17
 30
 20
 16
 19
 17
 16
 19
 13
 22
 22
 28
 25
 22
 19
 18
 17
 29
 13
 19
 14
 20
 18
 18
 20
 14
 23
 25
 17
 30
 19
 18
 15
 9
 16
 21
 19
 25
 21
 14
 21
 16
 21
 21
 25
 11
 23
 18
 17
 26
 15
 14
 24
 18
 14
 18
 13
 18
 17
 18
 15
 12
 20
 17
 12
 14
 16
 13
 14
 21
 19
 16
 16
 9
 13
 16
 15
 17
 16
 20
 17
 16
 21
 22
 15
 24
 17
 14
 17
 20
 17
 18
 18
 14
 16
 20
 15
 19
 11
 17
 14
 16
 18
 8
 10
 17
 9
 16
 14
 12
 11
 13
 25
 9
 20
 13
 14
 15
 15
 14
 17
 11
 14
 15
 19
 12
 10
 12
 13
 12
 13
 13
 18
 11
 16
 19
 20
 13
 15
 9
 10
 23
 17
 23
 21
 13
 15
 14
 15
 19
 10
 15
 11
 12
 9
 12
 13
 9
 10
 13
 15
 15
 14
 14
 12
 15
 13
 15
 14
 12
 15
 18
 14
 15
 20
 15
 14
 18
 10
 10
 13
 22
 19
 15
 14
 11
 15
 11
 13
 11
 16
 14
 16
 11
 11
 17
 4
 15
 19
 16
 14
 23
 17
 16
 20
 9
 10
 9
 11
 17
 21
 19
 14
 19
 17
 9
 20
 16
 24
 22
 13
 13
 17
 13
 24
 17
 17
 16
 15
 14
 16
 18
 12
 14
 16
 15
 17
 13
 16
 13
 17
 16
 12
 20
 18
 19
 14
 20
 18
 15
 18
 18
 17
 24
 23
 25
 14
 18
 19
 11
 19
 19
 21
 15
 18
 23
 18
 24
 12
 22
 21
 14
 17
 18
 19
 26
 15
 25
 20
 16
 16
 20
 21
 21
 22
 15
 20
 21
 21
 26
 20
 17
 12
 3
 22
 13
 18
 12
 15
 13
 13
 19
 18
 26
 28
 17
 15
 27
 19
 18
 18
 15
 17
 17
 12
 19
 25
 18
 25
 16
 14
 15
 22
 18
 18
 15
 16
 16
 12
 14
 11
 17
 14
 16
 12
 11
 12
 14
 16
 17
 11
 17
 13
 14
 12
 15
 20
 14
 12
 13
 12
 12
 13
 15
 10
 11
 15
 12
 11
 8
 18
 9
 12
 7
 21
 8
 10
 11
 9
 9
 10
 7
 10
 16
 9
 9
 11
 16
 11
 8
 14
 10
 14
 20
 17
 14
 17
 21
 13
 13
 13
 12
 11
 15
 16
 13
 10
 12
 15
 9
 8
 9
 8
 9
 4
 20
 9
 12
 19
 12
 12
 15
 9
 12
 12
 8
 10
 12
 12
 8
 11
 9
 15
 9
 16
 12
 9
 8
 11
 6
 6
 17
 4
 12
