VERSION:    3.1
ELEMENTS:              1
DATE:       Jul 16, 2014 18:40:44.**
CHANNELS:           2048
ROIS:        0
REAL_TIME:   100.0003891
LIVE_TIME:   85.0916748
CAL_OFFSET:  -7.2238334e-02
CAL_SLOPE:   9.2194537e-03
CAL_QUAD:    0.0000000e+00
TWO_THETA:   10.0000000
DATA: 
 0
 0
 0
 0
 0
 0
 0
 0
 0
 0
 0
 0
 0
 0
 0
 0
 0
 0
 0
 0
 0
 0
 0
 0
 0
 0
 0
 0
 0
 0
 0
 0
 0
 0
 0
 0
 0
 0
 0
 0
 0
 0
 0
 0
 0
 0
 0
 0
 0
 0
 0
 0
 0
 0
 0
 0
 0
 0
 0
 0
 0
 0
 0
 0
 0
 0
 0
 0
 0
 0
 0
 0
 0
 0
 0
 0
 0
 0
 0
 0
 0
 0
 0
 0
 0
 0
 0
 0
 0
 0
 0
 0
 0
 0
 0
 0
 0
 0
 0
 0
 0
 0
 0
 0
 0
 0
 0
 0
 0
 0
 0
 0
 0
 0
 0
 0
 0
 0
 0
 0
 0
 0
 0
 0
 0
 0
 0
 0
 0
 0
 0
 0
 0
 0
 0
 0
 0
 0
 0
 0
 0
 0
 0
 0
 0
 0
 0
 0
 0
 0
 0
 0
 0
 0
 0
 0
 0
 0
 0
 0
 0
 0
 0
 0
 0
 0
 0
 0
 0
 0
 0
 0
 0
 0
 0
 0
 0
 0
 0
 0
 0
 0
 0
 0
 0
 0
 0
 0
 0
 0
 0
 0
 0
 0
 0
 0
 0
 0
 0
 0
 0
 0
 0
 0
 0
 0
 0
 0
 0
 0
 0
 0
 0
 0
 0
 0
 0
 0
 0
 0
 0
 0
 1
 1
 0
 2
 3
 1
 3
 3
 1
 2
 4
 7
 5
 8
 7
 8
 8
 11
 10
 6
 11
 9
 11
 8
 10
 11
 12
 10
 9
 15
 17
 10
 9
 16
 11
 14
 10
 11
 15
 11
 10
 9
 16
 13
 4
 15
 10
 9
 10
 10
 10
 13
 13
 14
 8
 10
 9
 11
 13
 7
 9
 10
 15
 18
 14
 11
 4
 8
 9
 4
 7
 11
 10
 10
 9
 8
 5
 8
 8
 12
 11
 7
 7
 7
 9
 10
 14
 8
 8
 4
 11
 11
 9
 12
 10
 8
 5
 9
 9
 7
 11
 14
 4
 11
 5
 8
 9
 5
 7
 5
 8
 5
 6
 12
 5
 6
 10
 4
 9
 7
 6
 8
 7
 7
 7
 16
 8
 6
 5
 9
 12
 9
 10
 9
 4
 5
 6
 10
 7
 6
 3
 10
 9
 6
 5
 7
 7
 7
 7
 6
 7
 13
 8
 12
 6
 7
 11
 11
 8
 10
 7
 5
 14
 9
 7
 10
 11
 10
 3
 8
 11
 5
 5
 8
 8
 9
 11
 13
 9
 10
 11
 7
 5
 12
 11
 12
 12
 7
 8
 12
 8
 6
 8
 12
 12
 9
 14
 8
 9
 11
 8
 4
 14
 10
 13
 20
 19
 14
 25
 19
 14
 31
 32
 28
 31
 45
 36
 57
 46
 47
 49
 34
 33
 32
 38
 30
 30
 27
 43
 42
 60
 57
 74
 74
 120
 127
 134
 149
 159
 170
 159
 160
 170
 169
 134
 132
 108
 82
 100
 76
 70
 50
 36
 55
 40
 33
 31
 25
 11
 25
 19
 11
 17
 16
 14
 24
 19
 12
 21
 18
 24
 15
 15
 20
 28
 15
 14
 18
 12
 16
 18
 22
 26
 18
 19
 27
 20
 30
 20
 22
 20
 22
 28
 27
 27
 29
 19
 24
 26
 37
 39
 46
 34
 45
 52
 80
 70
 68
 92
 74
 103
 98
 113
 98
 87
 90
 85
 75
 75
 85
 69
 76
 89
 88
 102
 120
 144
 173
 185
 238
 252
 309
 349
 324
 332
 353
 361
 299
 288
 270
 225
 197
 184
 147
 121
 90
 94
 67
 64
 41
 45
 55
 40
 39
 42
 36
 35
 38
 36
 39
 31
 39
 28
 22
 43
 32
 31
 35
 28
 39
 47
 42
 33
 42
 26
 33
 33
 45
 40
 42
 44
 42
 58
 48
 49
 37
 35
 50
 47
 40
 55
 49
 47
 54
 39
 46
 51
 54
 67
 64
 55
 54
 69
 48
 50
 51
 66
 64
 54
 56
 68
 78
 61
 59
 71
 88
 89
 102
 114
 124
 145
 162
 219
 302
 399
 553
 658
 960
 1230
 1663
 2298
 2845
 3463
 4216
 4909
 5659
 5880
 6414
 6496
 6576
 6415
 5858
 5409
 4811
 4128
 3508
 2975
 2437
 1876
 1461
 1199
 940
 676
 512
 420
 341
 299
 246
 215
 181
 176
 159
 141
 151
 117
 135
 135
 112
 111
 138
 108
 120
 130
 123
 139
 142
 117
 129
 117
 122
 120
 121
 121
 119
 124
 138
 151
 143
 164
 159
 169
 134
 164
 198
 223
 249
 276
 345
 425
 425
 493
 591
 629
 737
 743
 796
 896
 836
 867
 833
 815
 802
 762
 752
 816
 870
 915
 1126
 1344
 1760
 2356
 3130
 4053
 5383
 6860
 8557
 10334
 12143
 14070
 15985
 16944
 18178
 18521
 18331
 17627
 16518
 15074
 13240
 11398
 9496
 7586
 6071
 4625
 3537
 2727
 2063
 1546
 1146
 850
 700
 611
 450
 406
 357
 298
 325
 241
 238
 227
 189
 197
 172
 180
 154
 169
 160
 162
 137
 166
 164
 140
 125
 124
 122
 91
 119
 96
 89
 111
 91
 96
 102
 96
 81
 94
 95
 83
 94
 94
 103
 95
 106
 102
 88
 119
 117
 117
 125
 138
 133
 134
 117
 119
 127
 101
 124
 101
 122
 116
 103
 110
 121
 110
 120
 114
 106
 121
 103
 98
 112
 97
 104
 104
 103
 103
 112
 112
 109
 94
 119
 135
 123
 141
 159
 156
 189
 195
 211
 240
 223
 246
 260
 239
 227
 231
 236
 189
 172
 139
 132
 143
 109
 113
 93
 82
 92
 73
 79
 71
 90
 76
 87
 67
 63
 65
 77
 61
 72
 73
 82
 92
 75
 76
 76
 85
 75
 81
 68
 88
 78
 80
 80
 93
 90
 88
 85
 92
 103
 85
 76
 91
 83
 80
 88
 87
 86
 81
 91
 90
 84
 82
 76
 84
 86
 86
 89
 75
 92
 74
 73
 96
 90
 76
 78
 72
 88
 93
 100
 107
 94
 105
 113
 107
 125
 123
 108
 132
 113
 140
 182
 212
 233
 295
 394
 469
 598
 798
 970
 1168
 1473
 1605
 1872
 1960
 2079
 2157
 2128
 1991
 1842
 1741
 1657
 1495
 1533
 1565
 1760
 1932
 2177
 2621
 2968
 3396
 3853
 4128
 4306
 4269
 4189
 3891
 3616
 3236
 2828
 2307
 1854
 1431
 1135
 915
 698
 491
 379
 268
 246
 171
 153
 140
 99
 94
 92
 80
 87
 86
 91
 87
 80
 56
 77
 69
 92
 69
 91
 69
 78
 58
 65
 62
 60
 72
 65
 71
 58
 64
 81
 70
 65
 63
 64
 56
 62
 67
 76
 58
 79
 51
 79
 70
 71
 62
 89
 57
 60
 72
 82
 60
 79
 78
 79
 97
 76
 94
 86
 91
 101
 92
 114
 102
 117
 108
 121
 109
 129
 98
 102
 112
 103
 104
 111
 104
 121
 109
 106
 122
 104
 123
 113
 132
 106
 155
 155
 171
 177
 196
 176
 176
 217
 223
 229
 238
 239
 244
 226
 235
 228
 236
 274
 297
 366
 402
 499
 569
 718
 823
 907
 993
 1132
 1179
 1235
 1229
 1146
 1177
 1136
 1047
 874
 812
 652
 636
 575
 478
 524
 528
 554
 676
 735
 870
 1112
 1308
 1636
 1997
 2455
 2861
 3255
 3745
 4079
 4599
 4596
 4944
 5017
 5074
 4741
 4587
 4313
 3645
 3285
 2795
 2384
 1918
 1521
 1172
 915
 725
 553
 419
 292
 214
 168
 130
 88
 84
 66
 62
 52
 44
 50
 52
 54
 34
 54
 43
 61
 38
 42
 44
 46
 41
 51
 42
 51
 50
 42
 47
 61
 48
 42
 45
 50
 49
 55
 39
 36
 38
 28
 39
 28
 31
 23
 21
 27
 34
 41
 23
 35
 27
 31
 27
 24
 29
 28
 32
 33
 37
 32
 33
 34
 25
 19
 21
 34
 38
 28
 38
 25
 42
 34
 30
 32
 31
 32
 30
 25
 38
 35
 30
 46
 45
 43
 36
 33
 39
 38
 48
 47
 41
 31
 44
 39
 50
 49
 40
 48
 49
 49
 55
 49
 50
 58
 54
 57
 70
 71
 67
 90
 93
 100
 94
 134
 126
 144
 158
 156
 169
 182
 188
 158
 188
 175
 170
 150
 149
 131
 117
 133
 108
 102
 96
 92
 59
 72
 73
 46
 64
 66
 47
 54
 63
 62
 77
 65
 71
 97
 99
 107
 98
 115
 145
 158
 159
 193
 199
 211
 246
 244
 248
 290
 289
 283
 252
 274
 248
 240
 204
 205
 162
 157
 122
 129
 126
 109
 102
 115
 91
 112
 110
 108
 125
 141
 106
 143
 207
 220
 218
 296
 334
 425
 451
 488
 611
 665
 734
 707
 776
 856
 857
 915
 967
 958
 1017
 974
 1114
 1089
 1083
 1150
 1231
 1176
 1233
 1202
 1118
 1066
 1008
 858
 906
 709
 603
 534
 457
 391
 337
 305
 259
 188
 170
 168
 122
 114
 123
 88
 107
 95
 88
 61
 63
 77
 68
 60
 70
 50
 51
 51
 57
 67
 72
 56
 57
 49
 61
 61
 65
 69
 53
 67
 69
 45
 52
 54
 48
 59
 37
 46
 41
 44
 28
 37
 27
 48
 29
 44
 34
 31
 32
 21
 28
 42
 37
 39
 28
 34
 32
 32
 40
 37
 36
 39
 47
 41
 48
 60
 49
 53
 56
 43
 45
 51
 61
 44
 42
 55
 49
 61
 44
 41
 52
 46
 45
 36
 41
 34
 44
 31
 33
 32
 35
 36
 38
 34
 32
 30
 47
 40
 44
 39
 42
 43
 41
 44
 43
 63
 49
 68
 61
 82
 77
 72
 99
 103
 91
 114
 125
 139
 151
 154
 151
 182
 173
 160
 175
 183
 157
 167
 139
 138
 106
 120
 97
 91
 72
 79
 61
 50
 40
 46
 36
 37
 29
 37
 20
 26
 22
 22
 26
 26
 35
 21
 27
 23
 25
 37
 24
 23
 20
 29
 37
 36
 29
 28
 31
 30
 30
 30
 30
 28
 20
 23
 19
 27
 24
 35
 22
 25
 31
 16
 32
 28
 16
 29
 27
 32
 26
 32
 27
 24
 30
 29
 28
 26
 26
 29
 19
 20
 20
 24
 18
 14
 34
 31
 27
 14
 16
 32
 20
 28
 30
 31
 40
 42
 29
 33
 38
 23
 35
 28
 31
 34
 30
 32
 26
 28
 20
 32
 34
 40
 31
 38
 44
 30
 32
 18
 27
 30
 24
 20
 27
 28
 35
 13
 24
 32
 19
 17
 20
 21
 26
 25
 26
 27
 31
 27
 27
 26
 24
 24
 27
 24
 28
 24
 18
 24
 20
 19
 24
 23
 28
 26
 30
 31
 29
 31
 26
 25
 25
 22
 27
 23
 23
 31
 27
 26
 29
 26
 33
 21
 17
 31
 37
 39
 35
 33
 24
 28
 39
 33
 37
 30
 37
 38
 25
 36
 44
 33
 40
 30
 41
 43
 32
 34
 36
 39
 50
 51
 60
 47
 58
 72
 81
 69
 89
 89
 97
 101
 103
 109
 99
 88
 112
 94
 88
 119
 87
 67
 78
 91
 75
 56
 57
 63
 61
 61
 64
 70
 69
 74
 66
 84
 93
 104
 114
 103
 116
 105
 117
 120
 144
 114
 133
 138
 127
 118
 103
 95
 95
 81
 77
 69
 71
 61
 57
 53
 69
 73
 76
 70
 67
 74
 79
 88
 114
 113
 119
 149
 164
 212
 245
 254
 323
 333
 392
 406
 421
 443
 427
 442
 440
 404
 391
 402
 369
 328
 312
 278
 244
 235
 198
 171
 139
 119
 112
 101
 83
 86
 49
 52
 44
 40
 48
 48
 32
 36
 30
 31
 27
 34
 29
 29
 22
 27
 28
 22
 30
 23
 25
 23
 33
 26
 23
 19
 24
 20
 32
 35
 26
 25
 30
 23
 26
 21
 30
 23
 31
 35
 46
 34
 42
 45
 38
 39
 32
 42
 36
 51
 37
 44
 38
 56
 44
 46
 43
 36
 33
 42
 46
 51
 34
 33
 43
 25
 40
 30
 31
 39
 35
 21
 42
 40
 46
 39
 58
 43
 58
 51
 63
 66
 63
 78
 85
 100
 101
 90
 111
 113
 101
 109
 96
 95
 104
 90
 77
 69
 74
 56
 65
 57
 40
 39
 52
 40
 35
 31
 25
 15
 29
 25
 21
 21
 15
 16
 24
 23
 24
 20
 30
 17
 19
 20
 22
 19
 20
 30
 30
 24
 24
 20
 14
 22
 25
 20
 16
 22
 20
 26
 19
 26
 19
 19
 19
 27
 19
 21
 31
 20
 19
 20
 18
 17
 29
 23
 26
 30
 30
 32
 31
 25
 33
 29
 34
 42
 44
 39
 50
 57
 61
 53
 59
 61
 58
 62
 66
 67
 73
 59
 65
 62
 45
 50
 57
 51
 44
 36
 33
 45
 32
 38
 30
 17
 26
 19
 26
 17
 20
 16
 14
 14
 23
 18
 15
 20
 21
 14
 19
 18
 16
 16
 20
 12
 16
 18
 22
 15
 24
 19
 9
 19
 11
 19
 21
 13
 19
 13
 15
 19
 13
 17
 17
 18
 18
 19
 22
 17
 21
 18
 21
 30
 22
 23
