   8.8504226e-01
   9.5920646e-01
   9.5717216e-01
   9.5451556e-01
   9.5143577e-01
   9.4752139e-01
   9.4391089e-01
   9.4019566e-01
   9.3622545e-01
   9.3232926e-01
   9.2851248e-01
   9.2480148e-01
   9.2102302e-01
   9.1699677e-01
   9.1288984e-01
   9.0848124e-01
   9.0431181e-01
   9.0058180e-01
   8.9806885e-01
   8.9686098e-01
   8.9728771e-01
   8.9880363e-01
   9.0173633e-01
   9.0531613e-01
   9.0900738e-01
   9.1218731e-01
   9.1511956e-01
   9.1812028e-01
   9.2146307e-01
   9.2499484e-01
   9.2832295e-01
   9.3079695e-01
   9.3259632e-01
   9.3430974e-01
   9.3591158e-01
   9.3718870e-01
   9.3782013e-01
   9.3775185e-01
   9.3641827e-01
   9.3475010e-01
   9.3292332e-01
   9.3097076e-01
   9.2884999e-01
   9.2676733e-01
   9.2442347e-01
   9.2211191e-01
   9.1961695e-01
   9.1782885e-01
   9.1670582e-01
   9.1516039e-01
   9.1268755e-01
   9.0920357e-01
   9.0623483e-01
   9.0434576e-01
   9.0378683e-01
   9.0404659e-01
   9.0600449e-01
   9.0964453e-01
   9.1472816e-01
   9.2027270e-01
   9.2586711e-01
   9.3107355e-01
   9.3631530e-01
   9.4127542e-01
   9.4551492e-01
   9.4929656e-01
   9.5273622e-01
   9.5531097e-01
   9.5706295e-01
   9.5862632e-01
   9.6029789e-01
   9.6078354e-01
   9.6046479e-01
   1.0173554e+00
   1.0126574e+00
   1.0072687e+00
   1.0022166e+00
   9.9649918e-01
   9.8964832e-01
   9.8197922e-01
   9.7456082e-01
   9.6842327e-01
   9.6159872e-01
   9.5507278e-01
   9.4830326e-01
   9.4138414e-01
   9.3363231e-01
   9.2610537e-01
   9.1872533e-01
   9.1237354e-01
   9.0853000e-01
   9.0674875e-01
   9.0755943e-01
   9.1029369e-01
   9.1531439e-01
   9.2111585e-01
   9.2723673e-01
   9.3327226e-01
   9.3891132e-01
   9.4460115e-01
   9.5058069e-01
   9.5657119e-01
   9.6146087e-01
   9.6508279e-01
   9.6886403e-01
   9.7184158e-01
   9.7346978e-01
   9.7398947e-01
   9.7487508e-01
   9.7523042e-01
   9.7294496e-01
   9.7065604e-01
   9.6923386e-01
   9.6767118e-01
   9.6439652e-01
   9.6004587e-01
   9.5621267e-01
   9.5203892e-01
   9.4774446e-01
   9.4491437e-01
   9.4287548e-01
   9.3984456e-01
   9.3537816e-01
   9.3038351e-01
   9.2585635e-01
   9.2309138e-01
   9.2259898e-01
   9.2322738e-01
   9.2634199e-01
   9.3245205e-01
   9.4187897e-01
   9.5230720e-01
   9.6234329e-01
   9.7227990e-01
   9.8067820e-01
   9.8948009e-01
   9.9616949e-01
   1.0022091e+00
   1.0067098e+00
   1.0115708e+00
   1.0153893e+00
   1.0182635e+00
   1.0195954e+00
   1.0203241e+00
   1.0200844e+00
   1.0575336e+00
   1.0510149e+00
   1.0448800e+00
   1.0375205e+00
   1.0284363e+00
   1.0191463e+00
   1.0102079e+00
   1.0008981e+00
   9.9212628e-01
   9.8366281e-01
   9.7478704e-01
   9.6648513e-01
   9.5657397e-01
   9.4713858e-01
   9.3759534e-01
   9.2822183e-01
   9.2073297e-01
   9.1632876e-01
   9.1439421e-01
   9.1489378e-01
   9.1817309e-01
   9.2452572e-01
   9.3240269e-01
   9.3999424e-01
   9.4882778e-01
   9.5633189e-01
   9.6359718e-01
   9.7219823e-01
   9.7934811e-01
   9.8495351e-01
   9.8923343e-01
   9.9306983e-01
   9.9426028e-01
   9.9575407e-01
   9.9639984e-01
   9.9462057e-01
   9.9436674e-01
   9.9290522e-01
   9.9443016e-01
   9.9386181e-01
   9.9184703e-01
   9.9046043e-01
   9.8559194e-01
   9.8017011e-01
   9.7502818e-01
   9.6984071e-01
   9.6505205e-01
   9.6332545e-01
   9.5985266e-01
   9.5403240e-01
   9.4920715e-01
   9.4413131e-01
   9.4077912e-01
   9.4097159e-01
   9.4256120e-01
   9.4625711e-01
   9.5431713e-01
   9.6674934e-01
   9.8091798e-01
   9.9428177e-01
   1.0063149e+00
   1.0180618e+00
   1.0287995e+00
   1.0369827e+00
   1.0429653e+00
   1.0484675e+00
   1.0529768e+00
   1.0566141e+00
   1.0603633e+00
   1.0632311e+00
   1.0636920e+00
   1.0618600e+00
   1.1009294e+00
   1.0943969e+00
   1.0854674e+00
   1.0715471e+00
   1.0583832e+00
   1.0462600e+00
   1.0344064e+00
   1.0238845e+00
   1.0135992e+00
   1.0025801e+00
   9.9343535e-01
   9.8394981e-01
   9.7235028e-01
   9.6050731e-01
   9.4976628e-01
   9.3934416e-01
   9.3206813e-01
   9.2895306e-01
   9.2888523e-01
   9.2977551e-01
   9.3239875e-01
   9.4062837e-01
   9.5047273e-01
   9.5901333e-01
   9.6945549e-01
   9.8091630e-01
   9.9245604e-01
   1.0028079e+00
   1.0128628e+00
   1.0210256e+00
   1.0241939e+00
   1.0261876e+00
   1.0278989e+00
   1.0266850e+00
   1.0252535e+00
   1.0252985e+00
   1.0261455e+00
   1.0288009e+00
   1.0304312e+00
   1.0279134e+00
   1.0245034e+00
   1.0198591e+00
   1.0115394e+00
   1.0033569e+00
   9.9547852e-01
   9.8847253e-01
   9.8316228e-01
   9.7589054e-01
   9.6634487e-01
   9.5748635e-01
   9.4886565e-01
   9.4007645e-01
   9.3197247e-01
   9.2779653e-01
   9.2914277e-01
   9.3673263e-01
   9.4881714e-01
   9.6439207e-01
   9.8308850e-01
   1.0011167e+00
   1.0202133e+00
   1.0383295e+00
   1.0533135e+00
   1.0650566e+00
   1.0759615e+00
   1.0844394e+00
   1.0911389e+00
   1.0967610e+00
   1.1022258e+00
   1.1071684e+00
   1.1104643e+00
   1.1070299e+00
   1.1133896e+00
   1.1060440e+00
   1.1007530e+00
   1.0915907e+00
   1.0772860e+00
   1.0580378e+00
   1.0468385e+00
   1.0399520e+00
   1.0361769e+00
   1.0297696e+00
   1.0172213e+00
   1.0042734e+00
   9.9135171e-01
   9.7646043e-01
   9.6208060e-01
   9.4974351e-01
   9.3975471e-01
   9.3556164e-01
   9.3545619e-01
   9.3645753e-01
   9.4027622e-01
   9.5225282e-01
   9.6687787e-01
   9.8408046e-01
   9.9846510e-01
   1.0109753e+00
   1.0288351e+00
   1.0477618e+00
   1.0574599e+00
   1.0605824e+00
   1.0576696e+00
   1.0544310e+00
   1.0499408e+00
   1.0453289e+00
   1.0412165e+00
   1.0403062e+00
   1.0412277e+00
   1.0459025e+00
   1.0509149e+00
   1.0537958e+00
   1.0504188e+00
   1.0391966e+00
   1.0313090e+00
   1.0256567e+00
   1.0176102e+00
   1.0069826e+00
   9.9194952e-01
   9.7779808e-01
   9.6600199e-01
   9.5305001e-01
   9.3783472e-01
   9.2325339e-01
   9.1214301e-01
   9.1048135e-01
   9.1345765e-01
   9.2040354e-01
   9.3113408e-01
   9.4917716e-01
   9.7055623e-01
   9.9512657e-01
   1.0180687e+00
   1.0377517e+00
   1.0590700e+00
   1.0802317e+00
   1.0947193e+00
   1.1045299e+00
   1.1108761e+00
   1.1176944e+00
   1.1292241e+00
   1.1334906e+00
   1.1329488e+00
   1.1228763e+00
   1.0967336e+00
   1.0892731e+00
   1.0815170e+00
   1.0748851e+00
   1.0671189e+00
   1.0547176e+00
   1.0463218e+00
   1.0486962e+00
   1.0522766e+00
   1.0522049e+00
   1.0432408e+00
   1.0266900e+00
   1.0088299e+00
   9.9330982e-01
   9.7457554e-01
   9.5919301e-01
   9.4798593e-01
   9.3787153e-01
   9.3731539e-01
   9.3823191e-01
   9.4724732e-01
   9.6168284e-01
   9.8285034e-01
   1.0086047e+00
   1.0249059e+00
   1.0463141e+00
   1.0680968e+00
   1.0856516e+00
   1.0908696e+00
   1.0849510e+00
   1.0737032e+00
   1.0628734e+00
   1.0495914e+00
   1.0392847e+00
   1.0335058e+00
   1.0306617e+00
   1.0309601e+00
   1.0384809e+00
   1.0443926e+00
   1.0496582e+00
   1.0508075e+00
   1.0432729e+00
   1.0361789e+00
   1.0302263e+00
   1.0250630e+00
   1.0167335e+00
   1.0005675e+00
   9.8101270e-01
   9.6229280e-01
   9.4664869e-01
   9.2349130e-01
   9.0535938e-01
   8.9453288e-01
   8.8771920e-01
   8.9048028e-01
   8.9811561e-01
   9.1266771e-01
   9.2915026e-01
   9.5236429e-01
   9.8226557e-01
   1.0072864e+00
   1.0341502e+00
   1.0593512e+00
   1.0800125e+00
   1.0921117e+00
   1.1005280e+00
   1.1075991e+00
   1.1162909e+00
   1.1248861e+00
   1.1247101e+00
   1.1169069e+00
   1.1082402e+00
   1.0626943e+00
   1.0440617e+00
   1.0314601e+00
   1.0238905e+00
   1.0196361e+00
   1.0170864e+00
   1.0201476e+00
   1.0289555e+00
   1.0456112e+00
   1.0632055e+00
   1.0660754e+00
   1.0537809e+00
   1.0369098e+00
   1.0164889e+00
   9.9221044e-01
   9.6859632e-01
   9.5275677e-01
   9.3858161e-01
   9.3742602e-01
   9.4641931e-01
   9.5676677e-01
   9.7464140e-01
   1.0039638e+00
   1.0335573e+00
   1.0587073e+00
   1.0821087e+00
   1.0995312e+00
   1.1013167e+00
   1.0894007e+00
   1.0761938e+00
   1.0618235e+00
   1.0440643e+00
   1.0304494e+00
   1.0196069e+00
   1.0123978e+00
   1.0094593e+00
   1.0066642e+00
   1.0119676e+00
   1.0173493e+00
   1.0258172e+00
   1.0297799e+00
   1.0341323e+00
   1.0340213e+00
   1.0300003e+00
   1.0296541e+00
   1.0276637e+00
   1.0197295e+00
   1.0044653e+00
   9.8937560e-01
   9.6894809e-01
   9.4113245e-01
   9.1549843e-01
   9.0424235e-01
   8.9976973e-01
   9.0600973e-01
   9.1516562e-01
   9.2591585e-01
   9.3837880e-01
   9.6067573e-01
   9.8600717e-01
   1.0113805e+00
   1.0346206e+00
   1.0520538e+00
   1.0612752e+00
   1.0638537e+00
   1.0719778e+00
   1.0805992e+00
   1.0885072e+00
   1.0962182e+00
   1.1035032e+00
   1.0974361e+00
   1.0858689e+00
   9.9846046e-01
   9.8806478e-01
   9.8529741e-01
   9.8348169e-01
   9.8640392e-01
   9.9156965e-01
   1.0041081e+00
   1.0208929e+00
   1.0428537e+00
   1.0682126e+00
   1.0775939e+00
   1.0697357e+00
   1.0547714e+00
   1.0317349e+00
   1.0013329e+00
   9.7262935e-01
   9.5617131e-01
   9.4604688e-01
   9.4038409e-01
   9.4870606e-01
   9.5735902e-01
   9.7398213e-01
   1.0103096e+00
   1.0462335e+00
   1.0716400e+00
   1.0886294e+00
   1.1012896e+00
   1.0975745e+00
   1.0785585e+00
   1.0590219e+00
   1.0387039e+00
   1.0150366e+00
   9.9775405e-01
   9.8348650e-01
   9.7326541e-01
   9.6582742e-01
   9.6025293e-01
   9.6959255e-01
   9.8111493e-01
   9.9762860e-01
   1.0127404e+00
   1.0253710e+00
   1.0411414e+00
   1.0458143e+00
   1.0469644e+00
   1.0491911e+00
   1.0424004e+00
   1.0286925e+00
   1.0162635e+00
   9.9531116e-01
   9.6449625e-01
   9.3269251e-01
   9.2385487e-01
   9.2778028e-01
   9.3356008e-01
   9.4191698e-01
   9.4676433e-01
   9.5211118e-01
   9.7420865e-01
   1.0015982e+00
   1.0192741e+00
   1.0292574e+00
   1.0327739e+00
   1.0306172e+00
   1.0349468e+00
   1.0474775e+00
   1.0577197e+00
   1.0578648e+00
   1.0626495e+00
   1.0676537e+00
   1.0545357e+00
   1.0265083e+00
   9.2981944e-01
   9.2956920e-01
   9.3270031e-01
   9.4083424e-01
   9.4960388e-01
   9.6219537e-01
   9.8773463e-01
   1.0114372e+00
   1.0299238e+00
   1.0636733e+00
   1.0856899e+00
   1.0775942e+00
   1.0577013e+00
   1.0377957e+00
   1.0070515e+00
   9.7532896e-01
   9.6320500e-01
   9.5284976e-01
   9.4005890e-01
   9.5145058e-01
   9.5876680e-01
   9.7407680e-01
   1.0133975e+00
   1.0518734e+00
   1.0728386e+00
   1.0897478e+00
   1.1066107e+00
   1.0822192e+00
   1.0537449e+00
   1.0329295e+00
   1.0034753e+00
   9.6854452e-01
   9.4763142e-01
   9.3290277e-01
   9.2075348e-01
   9.1305529e-01
   9.0695064e-01
   9.2194880e-01
   9.3909399e-01
   9.6108196e-01
   9.8119945e-01
   1.0032606e+00
   1.0351605e+00
   1.0575018e+00
   1.0578729e+00
   1.0694878e+00
   1.0711342e+00
   1.0511402e+00
   1.0317831e+00
   1.0152500e+00
   9.8179037e-01
   9.4805524e-01
   9.4676755e-01
   9.5462996e-01
   9.6167219e-01
   9.6615882e-01
   9.6560775e-01
   9.6583502e-01
   9.8806760e-01
   1.0131444e+00
   1.0246461e+00
   1.0274403e+00
   1.0268902e+00
   1.0099970e+00
   1.0078207e+00
   1.0217752e+00
   1.0244377e+00
   1.0159000e+00
   1.0154773e+00
   1.0144783e+00
   9.8774575e-01
   9.5900757e-01
   9.3392736e-01
   9.2731338e-01
   9.2247463e-01
   9.2168460e-01
   9.2564486e-01
   9.3748772e-01
   9.5875101e-01
   9.7535449e-01
   1.0010685e+00
   1.0398762e+00
   1.0767147e+00
   1.0758638e+00
   1.0513823e+00
   1.0344600e+00
   1.0078243e+00
   9.7692951e-01
   9.6212140e-01
   9.5253577e-01
   9.4421950e-01
   9.5375182e-01
   9.6547535e-01
   9.9006212e-01
   1.0325680e+00
   1.0643284e+00
   1.0831018e+00
   1.1093176e+00
   1.1136105e+00
   1.0681782e+00
   1.0204423e+00
   9.8642048e-01
   9.5966640e-01
   9.2657579e-01
   9.0852406e-01
   9.0061417e-01
   9.0494421e-01
   9.0884270e-01
   9.1151506e-01
   9.1942193e-01
   9.2980222e-01
   9.4849076e-01
   9.5925502e-01
   9.8066194e-01
   1.0101674e+00
   1.0324916e+00
   1.0500958e+00
   1.0729983e+00
   1.0906631e+00
   1.0769743e+00
   1.0504292e+00
   1.0361766e+00
   1.0054903e+00
   9.6768570e-01
   9.4939183e-01
   9.5515592e-01
   9.6172408e-01
   9.6957815e-01
   9.7526586e-01
   9.8910907e-01
   1.0155429e+00
   1.0329226e+00
   1.0334190e+00
   1.0387722e+00
   1.0313789e+00
   1.0034714e+00
   9.8097620e-01
   9.7911088e-01
   9.8096536e-01
   9.7531498e-01
   9.7438812e-01
   9.7875696e-01
   9.7140662e-01
   9.5173274e-01
   9.2332374e-01
   9.2723979e-01
   9.2958330e-01
   9.3016874e-01
   9.3080796e-01
   9.4028607e-01
   9.4936281e-01
   9.6111272e-01
   9.7528000e-01
   1.0065904e+00
   1.0395462e+00
   1.0550661e+00
   1.0388104e+00
   1.0253598e+00
   1.0062561e+00
   9.7836029e-01
   9.5675909e-01
   9.5134175e-01
   9.5039985e-01
   9.5732555e-01
   9.7577069e-01
   1.0118651e+00
   1.0478303e+00
   1.0697624e+00
   1.0947383e+00
   1.1170449e+00
   1.0986300e+00
   1.0553810e+00
   1.0028718e+00
   9.5872280e-01
   9.3013165e-01
   9.0342792e-01
   8.9009506e-01
   8.8922400e-01
   8.9580762e-01
   9.0456287e-01
   9.0497857e-01
   9.2074386e-01
   9.4192030e-01
   9.5869554e-01
   9.7058569e-01
   9.8555003e-01
   1.0010919e+00
   1.0227388e+00
   1.0425349e+00
   1.0646648e+00
   1.0849462e+00
   1.0888746e+00
   1.0749340e+00
   1.0558790e+00
   1.0292133e+00
   9.8971956e-01
   9.5804963e-01
   9.5474219e-01
   9.6580619e-01
   9.7403148e-01
   9.8628911e-01
   1.0126644e+00
   1.0415421e+00
   1.0528071e+00
   1.0594685e+00
   1.0586201e+00
   1.0307287e+00
   9.9549911e-01
   9.6371790e-01
   9.5500958e-01
   9.5902924e-01
   9.6085112e-01
   9.6522531e-01
   9.6744369e-01
   9.6291843e-01
   9.4912998e-01
   9.3893636e-01
   9.3889725e-01
   9.4179793e-01
   9.4360620e-01
   9.4338163e-01
   9.5217999e-01
   9.5956861e-01
   9.5698827e-01
   9.5614400e-01
   9.7221100e-01
   9.9863325e-01
   1.0154856e+00
   1.0186831e+00
   1.0129080e+00
   9.9834283e-01
   9.7396601e-01
   9.5033775e-01
   9.4661420e-01
   9.5383097e-01
   9.6399923e-01
   9.8447809e-01
   1.0216986e+00
   1.0549827e+00
   1.0843566e+00
   1.1028515e+00
   1.1016384e+00
   1.0736039e+00
   1.0316040e+00
   9.8478628e-01
   9.4482374e-01
   9.1424005e-01
   8.8868713e-01
   8.7672346e-01
   8.8351174e-01
   8.9711188e-01
   9.0937594e-01
   9.2016123e-01
   9.4013304e-01
   9.6130940e-01
   9.7774786e-01
   9.8336192e-01
   9.9007185e-01
   1.0070661e+00
   1.0246050e+00
   1.0354923e+00
   1.0557576e+00
   1.0771241e+00
   1.0843365e+00
   1.0825441e+00
   1.0688435e+00
   1.0381050e+00
   9.9699662e-01
   9.5942771e-01
   9.5264643e-01
   9.6360583e-01
   9.7496792e-01
   9.8957046e-01
   1.0243964e+00
   1.0604945e+00
   1.0805147e+00
   1.0838264e+00
   1.0616775e+00
   1.0222046e+00
   9.7859647e-01
   9.4878991e-01
   9.4224710e-01
   9.4908867e-01
   9.5423068e-01
   9.6274131e-01
   9.7176960e-01
   9.6566234e-01
   9.4978488e-01
   9.7147573e-01
   9.6685671e-01
   9.6678734e-01
   9.6558818e-01
   9.6085809e-01
   9.6605929e-01
   9.6673887e-01
   9.5798828e-01
   9.5154705e-01
   9.6228870e-01
   9.9647355e-01
   1.0021406e+00
   1.0056561e+00
   1.0153513e+00
   1.0031217e+00
   9.8014640e-01
   9.6581984e-01
   9.6655421e-01
   9.7480809e-01
   9.8685672e-01
   1.0080185e+00
   1.0396278e+00
   1.0809110e+00
   1.1126027e+00
   1.1070286e+00
   1.0825615e+00
   1.0557998e+00
   1.0052273e+00
   9.5724930e-01
   9.2773799e-01
   9.0964806e-01
   8.9528880e-01
   8.9186848e-01
   9.1148436e-01
   9.4188309e-01
   9.5299755e-01
   9.6687868e-01
   9.8116218e-01
   9.9745459e-01
   9.9325007e-01
   9.8219464e-01
   9.8690515e-01
   1.0038610e+00
   1.0195599e+00
   1.0324644e+00
   1.0615850e+00
   1.0929937e+00
   1.0955032e+00
   1.0887107e+00
   1.0790444e+00
   1.0412192e+00
   9.9087634e-01
   9.5426968e-01
   9.3984109e-01
   9.5011219e-01
   9.6253212e-01
   9.8405455e-01
   1.0209496e+00
   1.0641582e+00
   1.0918082e+00
   1.0812032e+00
   1.0500783e+00
   1.0102614e+00
   9.6113642e-01
   9.3568445e-01
   9.3318557e-01
   9.4747170e-01
   9.5811245e-01
   9.6773498e-01
   9.8583469e-01
   9.9279936e-01
   9.7902226e-01
   9.9709408e-01
   9.9291250e-01
   9.8630039e-01
   9.8088167e-01
   9.7423637e-01
   9.6706318e-01
   9.6083356e-01
   9.4980492e-01
   9.4124486e-01
   9.5452767e-01
   9.9550883e-01
   1.0115583e+00
   1.0104917e+00
   1.0219517e+00
   1.0232579e+00
   9.9788509e-01
   9.7522121e-01
   9.7313395e-01
   9.8499216e-01
   9.9500164e-01
   1.0166794e+00
   1.0523321e+00
   1.1072055e+00
   1.1309752e+00
   1.1046798e+00
   1.0786762e+00
   1.0360175e+00
   9.7928291e-01
   9.3071911e-01
   9.0263483e-01
   8.9421578e-01
   9.0809550e-01
   9.2988600e-01
   9.5653184e-01
   9.8850064e-01
   1.0009527e+00
   1.0042984e+00
   1.0241033e+00
   1.0273787e+00
   1.0133360e+00
   9.8975075e-01
   9.7649579e-01
   9.8348392e-01
   9.9507888e-01
   1.0104178e+00
   1.0517466e+00
   1.1023633e+00
   1.1220901e+00
   1.1066596e+00
   1.0879536e+00
   1.0537187e+00
   9.9410571e-01
   9.4835472e-01
   9.2500303e-01
   9.2759109e-01
   9.4083504e-01
   9.6825597e-01
   1.0039750e+00
   1.0560443e+00
   1.0819515e+00
   1.0636245e+00
   1.0342988e+00
   9.9706462e-01
   9.4794433e-01
   9.2146985e-01
   9.1694093e-01
   9.3304434e-01
   9.5792359e-01
   9.8598155e-01
   1.0103916e+00
   1.0212929e+00
   1.0139242e+00
   1.0392791e+00
   1.0204193e+00
   1.0071759e+00
   9.9876563e-01
   9.7680954e-01
   9.5992421e-01
   9.5168772e-01
   9.4107388e-01
   9.3176562e-01
   9.4046742e-01
   9.7844370e-01
   1.0019418e+00
   1.0138606e+00
   1.0273778e+00
   1.0299132e+00
   1.0067144e+00
   9.7489397e-01
   9.6338283e-01
   9.6748760e-01
   9.8651982e-01
   1.0157690e+00
   1.0601591e+00
   1.1116184e+00
   1.1313181e+00
   1.1072814e+00
   1.0649694e+00
   1.0167612e+00
   9.6274270e-01
   9.1847658e-01
   8.9788736e-01
   8.9447966e-01
   9.2850452e-01
   9.6897532e-01
   1.0052643e+00
   1.0347008e+00
   1.0486727e+00
   1.0604762e+00
   1.0606485e+00
   1.0508077e+00
   1.0291070e+00
   9.9690449e-01
   9.7406308e-01
   9.6748668e-01
   9.6831289e-01
   9.7483113e-01
   1.0170680e+00
   1.0745984e+00
   1.1108694e+00
   1.1153427e+00
   1.0948120e+00
   1.0596399e+00
   1.0009943e+00
   9.4216995e-01
   9.1262858e-01
   9.0043656e-01
   9.1888341e-01
   9.4849871e-01
   9.8825814e-01
   1.0384640e+00
   1.0630733e+00
   1.0492476e+00
   1.0204031e+00
   9.8689574e-01
   9.4328617e-01
   9.1749031e-01
   9.1266690e-01
   9.2358796e-01
   9.5788965e-01
   1.0026514e+00
   1.0401639e+00
   1.0525052e+00
   1.0505477e+00
   1.0981263e+00
   1.0744097e+00
   1.0403954e+00
   1.0048478e+00
   9.7883277e-01
   9.5682845e-01
   9.3486801e-01
   9.2728232e-01
   9.2412125e-01
   9.3327356e-01
   9.6769843e-01
   9.9236011e-01
   1.0091761e+00
   1.0252592e+00
   1.0174048e+00
   9.9531132e-01
   9.6219755e-01
   9.3886556e-01
   9.3170587e-01
   9.6049913e-01
   1.0063915e+00
   1.0520761e+00
   1.0922600e+00
   1.1113986e+00
   1.0898342e+00
   1.0461470e+00
   1.0003226e+00
   9.5382436e-01
   9.2845766e-01
   9.1257368e-01
   9.1137101e-01
   9.5350773e-01
   1.0021776e+00
   1.0442379e+00
   1.0768230e+00
   1.0956501e+00
   1.1104111e+00
   1.1008069e+00
   1.0710743e+00
   1.0346418e+00
   1.0060251e+00
   9.7953005e-01
   9.5456087e-01
   9.4677571e-01
   9.5063102e-01
   9.8044340e-01
   1.0401269e+00
   1.0793702e+00
   1.0984919e+00
   1.0963838e+00
   1.0561414e+00
   9.9862884e-01
   9.4378819e-01
   9.0796763e-01
   8.8867827e-01
   9.1571725e-01
   9.4361412e-01
   9.8157870e-01
   1.0300761e+00
   1.0573925e+00
   1.0439842e+00
   1.0174028e+00
   9.8710153e-01
   9.5032343e-01
   9.3279802e-01
   9.2654920e-01
   9.3679099e-01
   9.8194431e-01
   1.0309987e+00
   1.0724406e+00
   1.0942818e+00
   1.1014587e+00
   1.1552027e+00
   1.1221997e+00
   1.0697521e+00
   1.0143405e+00
   9.7996371e-01
   9.5535520e-01
   9.3138233e-01
   9.2661522e-01
   9.2913720e-01
   9.3779519e-01
   9.8240055e-01
   1.0137093e+00
   1.0280049e+00
   1.0354002e+00
   1.0181274e+00
   9.8869910e-01
   9.5691894e-01
   9.1423937e-01
   8.9274831e-01
   9.3914822e-01
   9.9553447e-01
   1.0291277e+00
   1.0691326e+00
   1.0824747e+00
   1.0594088e+00
   1.0123603e+00
   9.7513732e-01
   9.4064856e-01
   9.3980456e-01
   9.3823744e-01
   9.3833906e-01
   9.8061368e-01
   1.0278707e+00
   1.0734951e+00
   1.1096676e+00
   1.1418764e+00
   1.1605259e+00
   1.1339585e+00
   1.0856312e+00
   1.0341806e+00
   9.9847083e-01
   9.6921837e-01
   9.4427479e-01
   9.3275686e-01
   9.3714039e-01
   9.6016059e-01
   1.0152585e+00
   1.0564920e+00
   1.0778222e+00
   1.0817478e+00
   1.0490904e+00
   9.9570154e-01
   9.5495865e-01
   9.0297953e-01
   8.7199488e-01
   9.1062725e-01
   9.5853211e-01
   9.8917598e-01
   1.0367566e+00
   1.0533002e+00
   1.0319542e+00
   1.0088478e+00
   9.7806154e-01
   9.4255746e-01
   9.4460774e-01
   9.4682137e-01
   9.5322373e-01
   9.9711825e-01
   1.0508471e+00
   1.0973768e+00
   1.1273107e+00
   1.1499066e+00
   1.2116982e+00
   1.1482292e+00
   1.0868284e+00
   1.0261143e+00
   9.8706551e-01
   9.6773235e-01
   9.3955729e-01
   9.2974150e-01
   9.3794325e-01
   9.4268987e-01
   9.9591005e-01
   1.0444257e+00
   1.0583109e+00
   1.0578639e+00
   1.0313049e+00
   9.8815576e-01
   9.5744499e-01
   9.1095803e-01
   8.5152674e-01
   9.2452226e-01
   9.7690677e-01
   1.0061568e+00
   1.0455055e+00
   1.0529377e+00
   1.0322769e+00
   1.0040175e+00
   9.6954529e-01
   9.3327387e-01
   9.4285533e-01
   9.4120860e-01
   9.6057884e-01
   1.0062970e+00
   1.0468802e+00
   1.1018579e+00
   1.1377613e+00
   1.1745078e+00
   1.2116982e+00
   1.1482292e+00
   1.0868284e+00
   1.0261143e+00
   9.8706551e-01
   9.6773235e-01
   9.3955729e-01
   9.2974150e-01
   9.3794325e-01
   9.4268987e-01
   9.9591005e-01
   1.0444257e+00
   1.0583109e+00
   1.0578639e+00
   1.0313049e+00
   9.8815576e-01
   9.5744499e-01
   9.1095803e-01
   8.5152674e-01
   9.2452226e-01
   9.7690677e-01
   1.0061568e+00
   1.0455055e+00
   1.0529377e+00
   1.0322769e+00
   1.0040175e+00
   9.6954529e-01
   9.3327387e-01
   9.4285533e-01
   9.4120860e-01
   9.6057884e-01
   1.0062970e+00
   1.0468802e+00
   1.1018579e+00
   1.1377613e+00
   1.1745078e+00
