   1.0711020e+00
   1.0443516e+00
   1.0437534e+00
   1.0431991e+00
   1.0433360e+00
   1.0439337e+00
   1.0449347e+00
   1.0460139e+00
   1.0471622e+00
   1.0484944e+00
   1.0499552e+00
   1.0514914e+00
   1.0531602e+00
   1.0550555e+00
   1.0569514e+00
   1.0586949e+00
   1.0596422e+00
   1.0600028e+00
   1.0599806e+00
   1.0598422e+00
   1.0598782e+00
   1.0601447e+00
   1.0599642e+00
   1.0591883e+00
   1.0579024e+00
   1.0565542e+00
   1.0552259e+00
   1.0540606e+00
   1.0528189e+00
   1.0516433e+00
   1.0507572e+00
   1.0500492e+00
   1.0493803e+00
   1.0488625e+00
   1.0483884e+00
   1.0481446e+00
   1.0482431e+00
   1.0483166e+00
   1.0480633e+00
   1.0476933e+00
   1.0480665e+00
   1.0488561e+00
   1.0497782e+00
   1.0509546e+00
   1.0520375e+00
   1.0532624e+00
   1.0548316e+00
   1.0564302e+00
   1.0580648e+00
   1.0596105e+00
   1.0611647e+00
   1.0628797e+00
   1.0637362e+00
   1.0636751e+00
   1.0633058e+00
   1.0628706e+00
   1.0623756e+00
   1.0622190e+00
   1.0621444e+00
   1.0611112e+00
   1.0593135e+00
   1.0575554e+00
   1.0557499e+00
   1.0540283e+00
   1.0525141e+00
   1.0510872e+00
   1.0497940e+00
   1.0485462e+00
   1.0473816e+00
   1.0463316e+00
   1.0456000e+00
   1.0450562e+00
   1.0447138e+00
   1.0109863e+00
   1.0094927e+00
   1.0094754e+00
   1.0109916e+00
   1.0134834e+00
   1.0168864e+00
   1.0206412e+00
   1.0247967e+00
   1.0293790e+00
   1.0338382e+00
   1.0378521e+00
   1.0418916e+00
   1.0454293e+00
   1.0484797e+00
   1.0519059e+00
   1.0543131e+00
   1.0541296e+00
   1.0545007e+00
   1.0548590e+00
   1.0543485e+00
   1.0541387e+00
   1.0534115e+00
   1.0514574e+00
   1.0486816e+00
   1.0454321e+00
   1.0415828e+00
   1.0376924e+00
   1.0339065e+00
   1.0302004e+00
   1.0270602e+00
   1.0248907e+00
   1.0226822e+00
   1.0208549e+00
   1.0197928e+00
   1.0187986e+00
   1.0182748e+00
   1.0189563e+00
   1.0190497e+00
   1.0191391e+00
   1.0212273e+00
   1.0240366e+00
   1.0271439e+00
   1.0307822e+00
   1.0349350e+00
   1.0395641e+00
   1.0440865e+00
   1.0484358e+00
   1.0522202e+00
   1.0556410e+00
   1.0588377e+00
   1.0616196e+00
   1.0636195e+00
   1.0634119e+00
   1.0621189e+00
   1.0605232e+00
   1.0587708e+00
   1.0581972e+00
   1.0571994e+00
   1.0542636e+00
   1.0505267e+00
   1.0466353e+00
   1.0423551e+00
   1.0379298e+00
   1.0340066e+00
   1.0300282e+00
   1.0262555e+00
   1.0230475e+00
   1.0203418e+00
   1.0179381e+00
   1.0162412e+00
   1.0142374e+00
   1.0123335e+00
   9.6242948e-01
   9.6347945e-01
   9.6607501e-01
   9.7135361e-01
   9.7881285e-01
   9.8816681e-01
   9.9822848e-01
   1.0081680e+00
   1.0190216e+00
   1.0296250e+00
   1.0410820e+00
   1.0511797e+00
   1.0594667e+00
   1.0667381e+00
   1.0728335e+00
   1.0781806e+00
   1.0791173e+00
   1.0765879e+00
   1.0724627e+00
   1.0668529e+00
   1.0603066e+00
   1.0528306e+00
   1.0441243e+00
   1.0357238e+00
   1.0272689e+00
   1.0191136e+00
   1.0115262e+00
   1.0035493e+00
   9.9557407e-01
   9.8868652e-01
   9.8287927e-01
   9.7825744e-01
   9.7499287e-01
   9.7306488e-01
   9.7193489e-01
   9.7254103e-01
   9.7471993e-01
   9.7788455e-01
   9.8282150e-01
   9.8962689e-01
   9.9877399e-01
   1.0084704e+00
   1.0188362e+00
   1.0289481e+00
   1.0391180e+00
   1.0500243e+00
   1.0609251e+00
   1.0697872e+00
   1.0770156e+00
   1.0833974e+00
   1.0886432e+00
   1.0913007e+00
   1.0899527e+00
   1.0849325e+00
   1.0789350e+00
   1.0721684e+00
   1.0649198e+00
   1.0578344e+00
   1.0495235e+00
   1.0411883e+00
   1.0329926e+00
   1.0245508e+00
   1.0155632e+00
   1.0057647e+00
   9.9598056e-01
   9.8729625e-01
   9.7999881e-01
   9.7305764e-01
   9.6773330e-01
   9.6349750e-01
   9.6182305e-01
   9.6188565e-01
   9.3026840e-01
   9.3189513e-01
   9.3481737e-01
   9.4039941e-01
   9.4636668e-01
   9.5700526e-01
   9.6761041e-01
   9.7986756e-01
   9.9477965e-01
   1.0129822e+00
   1.0346169e+00
   1.0562715e+00
   1.0757608e+00
   1.0918931e+00
   1.1014524e+00
   1.1058142e+00
   1.1067400e+00
   1.1033543e+00
   1.0965931e+00
   1.0886288e+00
   1.0784104e+00
   1.0657596e+00
   1.0526550e+00
   1.0386694e+00
   1.0243396e+00
   1.0105043e+00
   9.9606512e-01
   9.8228085e-01
   9.7168108e-01
   9.6255007e-01
   9.5581957e-01
   9.5044165e-01
   9.4590624e-01
   9.4450020e-01
   9.4415618e-01
   9.4536659e-01
   9.4789745e-01
   9.5156444e-01
   9.5683006e-01
   9.6399874e-01
   9.7275599e-01
   9.8401867e-01
   9.9595294e-01
   1.0096766e+00
   1.0250179e+00
   1.0424219e+00
   1.0598487e+00
   1.0762967e+00
   1.0909446e+00
   1.1030621e+00
   1.1092549e+00
   1.1091439e+00
   1.1048269e+00
   1.0971399e+00
   1.0877163e+00
   1.0778094e+00
   1.0674013e+00
   1.0557783e+00
   1.0442142e+00
   1.0308584e+00
   1.0168635e+00
   1.0028077e+00
   9.8828695e-01
   9.7391965e-01
   9.6091584e-01
   9.5008102e-01
   9.4159608e-01
   9.3415696e-01
   9.2938650e-01
   9.2795034e-01
   9.2724612e-01
   9.2810701e-01
   9.0253299e-01
   9.0339028e-01
   9.0475842e-01
   9.0797690e-01
   9.1193130e-01
   9.1689332e-01
   9.2534708e-01
   9.3768853e-01
   9.5547909e-01
   9.7719344e-01
   1.0030813e+00
   1.0333610e+00
   1.0628131e+00
   1.0899332e+00
   1.1087459e+00
   1.1208152e+00
   1.1276031e+00
   1.1280791e+00
   1.1224483e+00
   1.1111496e+00
   1.0947680e+00
   1.0751961e+00
   1.0550774e+00
   1.0355216e+00
   1.0170681e+00
   9.9936933e-01
   9.8407028e-01
   9.7084163e-01
   9.5823924e-01
   9.4630303e-01
   9.3834337e-01
   9.3121546e-01
   9.2620774e-01
   9.2265254e-01
   9.1802914e-01
   9.1441736e-01
   9.1408507e-01
   9.1889719e-01
   9.2556022e-01
   9.3381543e-01
   9.4238469e-01
   9.5262166e-01
   9.6496675e-01
   9.7924469e-01
   9.9532531e-01
   1.0126374e+00
   1.0314043e+00
   1.0508052e+00
   1.0710083e+00
   1.0905986e+00
   1.1029901e+00
   1.1098287e+00
   1.1113919e+00
   1.1064695e+00
   1.0986668e+00
   1.0864762e+00
   1.0704620e+00
   1.0518910e+00
   1.0331688e+00
   1.0133022e+00
   9.9337484e-01
   9.7475182e-01
   9.5772370e-01
   9.4401736e-01
   9.3188010e-01
   9.2107110e-01
   9.1436656e-01
   9.1021569e-01
   9.0819533e-01
   9.0705764e-01
   9.0482601e-01
   9.0278340e-01
   8.9668756e-01
   8.9364827e-01
   8.9101213e-01
   8.8969062e-01
   8.8759223e-01
   8.8965048e-01
   8.9643370e-01
   9.0836599e-01
   9.2406251e-01
   9.4525661e-01
   9.7220591e-01
   1.0058064e+00
   1.0440990e+00
   1.0796846e+00
   1.1075208e+00
   1.1258963e+00
   1.1363282e+00
   1.1390384e+00
   1.1321297e+00
   1.1167254e+00
   1.0950675e+00
   1.0723601e+00
   1.0487595e+00
   1.0227722e+00
   9.9790266e-01
   9.7876251e-01
   9.6315568e-01
   9.5016756e-01
   9.3991356e-01
   9.3025598e-01
   9.1937384e-01
   9.1120473e-01
   9.0639395e-01
   9.0468400e-01
   9.0042813e-01
   8.9644864e-01
   8.9560959e-01
   8.9789017e-01
   9.0295109e-01
   9.0836558e-01
   9.1400429e-01
   9.2321131e-01
   9.3635311e-01
   9.5169866e-01
   9.6689802e-01
   9.8384374e-01
   1.0018510e+00
   1.0229246e+00
   1.0475674e+00
   1.0702632e+00
   1.0893472e+00
   1.1027286e+00
   1.1099386e+00
   1.1097073e+00
   1.1032731e+00
   1.0890701e+00
   1.0681938e+00
   1.0451635e+00
   1.0210627e+00
   9.9652390e-01
   9.7098127e-01
   9.4768567e-01
   9.3088328e-01
   9.1893534e-01
   9.1209874e-01
   9.0776196e-01
   9.0352740e-01
   9.0162436e-01
   9.0236568e-01
   9.0473560e-01
   9.0360027e-01
   9.0011834e-01
   9.2702810e-01
   9.2279577e-01
   9.1847556e-01
   9.1379421e-01
   9.0666940e-01
   8.9946405e-01
   8.9615984e-01
   9.0266946e-01
   9.1427885e-01
   9.3016572e-01
   9.5055677e-01
   9.7962475e-01
   1.0187968e+00
   1.0535296e+00
   1.0870442e+00
   1.1108683e+00
   1.1245173e+00
   1.1310397e+00
   1.1253081e+00
   1.1065216e+00
   1.0779244e+00
   1.0480997e+00
   1.0178130e+00
   9.8857823e-01
   9.6365020e-01
   9.4651265e-01
   9.3495951e-01
   9.2869051e-01
   9.2461616e-01
   9.2114175e-01
   9.1529202e-01
   9.1263673e-01
   9.1029459e-01
   9.0963699e-01
   9.0992274e-01
   9.0896830e-01
   9.0786672e-01
   9.0906837e-01
   9.1267790e-01
   9.1996428e-01
   9.2481905e-01
   9.2794464e-01
   9.3297248e-01
   9.4299642e-01
   9.5320527e-01
   9.6432460e-01
   9.7804359e-01
   9.9589994e-01
   1.0190003e+00
   1.0430040e+00
   1.0693494e+00
   1.0913980e+00
   1.1059571e+00
   1.1128335e+00
   1.1093963e+00
   1.0935543e+00
   1.0661354e+00
   1.0338506e+00
   1.0008048e+00
   9.6809000e-01
   9.3990672e-01
   9.1722840e-01
   9.0743230e-01
   9.0634058e-01
   9.0831702e-01
   9.1289464e-01
   9.1681015e-01
   9.2162460e-01
   9.2413496e-01
   9.2784045e-01
   9.2997133e-01
   9.2933071e-01
   9.8353736e-01
   9.7668843e-01
   9.6710597e-01
   9.5452502e-01
   9.3636222e-01
   9.2108682e-01
   9.1197810e-01
   9.0860251e-01
   9.1148840e-01
   9.2450886e-01
   9.4237681e-01
   9.5948722e-01
   9.9067336e-01
   1.0263995e+00
   1.0603735e+00
   1.0880888e+00
   1.0999971e+00
   1.1096920e+00
   1.1093746e+00
   1.0855363e+00
   1.0529767e+00
   1.0232460e+00
   9.9105075e-01
   9.6186192e-01
   9.3940510e-01
   9.2426690e-01
   9.1945375e-01
   9.1616828e-01
   9.1437354e-01
   9.1861753e-01
   9.2263285e-01
   9.2739475e-01
   9.3288943e-01
   9.4094328e-01
   9.4759631e-01
   9.5551816e-01
   9.5904797e-01
   9.5657431e-01
   9.5503780e-01
   9.5019412e-01
   9.4243129e-01
   9.3792398e-01
   9.3604991e-01
   9.3619952e-01
   9.3939868e-01
   9.4811684e-01
   9.5995476e-01
   9.7455231e-01
   9.9472619e-01
   1.0183099e+00
   1.0455616e+00
   1.0721209e+00
   1.0901514e+00
   1.1091722e+00
   1.1156413e+00
   1.0958704e+00
   1.0613659e+00
   1.0265791e+00
   9.8672464e-01
   9.4925043e-01
   9.2080988e-01
   9.0294538e-01
   9.0160163e-01
   9.0561613e-01
   9.1256421e-01
   9.2782928e-01
   9.4163328e-01
   9.5279932e-01
   9.6053031e-01
   9.7011496e-01
   9.7755529e-01
   9.8163627e-01
   1.0517570e+00
   1.0376552e+00
   1.0250054e+00
   1.0129775e+00
   9.8534437e-01
   9.5956942e-01
   9.4088148e-01
   9.2753536e-01
   9.1654186e-01
   9.1374794e-01
   9.1848618e-01
   9.2989675e-01
   9.5115057e-01
   9.9022046e-01
   1.0305653e+00
   1.0671612e+00
   1.0791100e+00
   1.0864585e+00
   1.0956516e+00
   1.0616196e+00
   1.0273980e+00
   9.9674935e-01
   9.6376555e-01
   9.3641703e-01
   9.1538666e-01
   9.0767761e-01
   9.0824876e-01
   9.1355975e-01
   9.2406775e-01
   9.3772697e-01
   9.5173203e-01
   9.6975397e-01
   9.9225575e-01
   1.0121416e+00
   1.0212735e+00
   1.0292656e+00
   1.0376608e+00
   1.0273325e+00
   1.0188159e+00
   1.0087925e+00
   9.8296220e-01
   9.5916980e-01
   9.4530073e-01
   9.3627260e-01
   9.2781187e-01
   9.2530949e-01
   9.2994914e-01
   9.4382346e-01
   9.6407041e-01
   9.8759526e-01
   1.0174267e+00
   1.0511570e+00
   1.0712850e+00
   1.0941319e+00
   1.1196244e+00
   1.0922902e+00
   1.0568976e+00
   1.0188538e+00
   9.7245253e-01
   9.3132469e-01
   9.0096324e-01
   8.9268029e-01
   8.9707844e-01
   9.1213670e-01
   9.3347178e-01
   9.5707403e-01
   9.8036571e-01
   9.9836010e-01
   1.0168126e+00
   1.0331897e+00
   1.0399404e+00
   1.0458511e+00
   1.1059389e+00
   1.0933418e+00
   1.0746615e+00
   1.0567082e+00
   1.0359700e+00
   1.0073025e+00
   9.7679090e-01
   9.5131287e-01
   9.3233556e-01
   9.1470892e-01
   9.0581689e-01
   9.0658520e-01
   9.1905456e-01
   9.5303884e-01
   9.9617756e-01
   1.0426273e+00
   1.0660517e+00
   1.0744937e+00
   1.0717320e+00
   1.0403470e+00
   1.0064847e+00
   9.7597825e-01
   9.4179956e-01
   9.1503870e-01
   9.0234791e-01
   9.0083128e-01
   9.0894634e-01
   9.2772636e-01
   9.5088941e-01
   9.7335446e-01
   1.0031604e+00
   1.0367698e+00
   1.0671724e+00
   1.0814974e+00
   1.0886235e+00
   1.0988052e+00
   1.1001033e+00
   1.0948296e+00
   1.0771404e+00
   1.0573563e+00
   1.0308932e+00
   1.0005636e+00
   9.6930558e-01
   9.4238440e-01
   9.2274139e-01
   9.0340941e-01
   8.9996092e-01
   9.1004012e-01
   9.2859523e-01
   9.5452498e-01
   9.8952108e-01
   1.0313643e+00
   1.0557320e+00
   1.0765414e+00
   1.0917449e+00
   1.0793668e+00
   1.0512846e+00
   1.0179573e+00
   9.6878422e-01
   9.2577800e-01
   9.0327073e-01
   9.0039465e-01
   9.1042179e-01
   9.2962917e-01
   9.5791269e-01
   9.8715673e-01
   1.0180646e+00
   1.0493393e+00
   1.0772846e+00
   1.0914242e+00
   1.1000160e+00
   1.1095844e+00
   1.1329940e+00
   1.1226218e+00
   1.1051569e+00
   1.0879259e+00
   1.0753262e+00
   1.0548350e+00
   1.0245761e+00
   9.9036697e-01
   9.5503420e-01
   9.2379396e-01
   8.9926190e-01
   8.8805535e-01
   8.9544376e-01
   9.2721050e-01
   9.7232831e-01
   1.0205650e+00
   1.0525128e+00
   1.0661717e+00
   1.0623968e+00
   1.0372798e+00
   1.0025281e+00
   9.6490371e-01
   9.3005938e-01
   9.0459985e-01
   8.8981664e-01
   8.9251376e-01
   9.0911893e-01
   9.4180760e-01
   9.8025800e-01
   1.0274362e+00
   1.0678760e+00
   1.1009750e+00
   1.1213693e+00
   1.1252098e+00
   1.1325345e+00
   1.1357744e+00
   1.1290503e+00
   1.1274109e+00
   1.1132736e+00
   1.0886382e+00
   1.0660506e+00
   1.0410285e+00
   1.0062362e+00
   9.6576126e-01
   9.2375461e-01
   8.9637972e-01
   8.8436086e-01
   8.8887774e-01
   9.0677369e-01
   9.3940866e-01
   9.7635039e-01
   1.0144820e+00
   1.0409798e+00
   1.0552962e+00
   1.0688915e+00
   1.0696137e+00
   1.0510263e+00
   1.0157515e+00
   9.7372003e-01
   9.3307567e-01
   9.1157026e-01
   9.0956874e-01
   9.2479096e-01
   9.5396449e-01
   9.9000466e-01
   1.0284712e+00
   1.0657465e+00
   1.0949664e+00
   1.1168640e+00
   1.1259343e+00
   1.1394022e+00
   1.1442178e+00
   1.1190663e+00
   1.1080476e+00
   1.1122180e+00
   1.1104502e+00
   1.1072182e+00
   1.0952852e+00
   1.0671735e+00
   1.0277490e+00
   9.8326881e-01
   9.3642372e-01
   8.9495186e-01
   8.7181445e-01
   8.8545364e-01
   9.1451124e-01
   9.5721981e-01
   1.0053047e+00
   1.0457050e+00
   1.0659664e+00
   1.0659760e+00
   1.0445605e+00
   1.0064628e+00
   9.6197426e-01
   9.2321115e-01
   8.9962615e-01
   8.9127743e-01
   8.8907843e-01
   9.1472276e-01
   9.5724034e-01
   1.0167800e+00
   1.0757141e+00
   1.1178654e+00
   1.1328294e+00
   1.1375429e+00
   1.1429790e+00
   1.1410138e+00
   1.1289312e+00
   1.1206411e+00
   1.1139438e+00
   1.1144497e+00
   1.1027111e+00
   1.0859649e+00
   1.0672463e+00
   1.0372350e+00
   9.9755185e-01
   9.4844488e-01
   9.0616268e-01
   8.8188053e-01
   8.7757542e-01
   8.9894452e-01
   9.3452103e-01
   9.7305559e-01
   1.0069796e+00
   1.0311373e+00
   1.0465539e+00
   1.0606426e+00
   1.0650617e+00
   1.0531548e+00
   1.0169992e+00
   9.7325822e-01
   9.3996360e-01
   9.2468354e-01
   9.1891516e-01
   9.4232508e-01
   9.7913177e-01
   1.0241881e+00
   1.0704656e+00
   1.1011098e+00
   1.1121801e+00
   1.1197911e+00
   1.1343556e+00
   1.1384533e+00
   1.1289780e+00
   1.0621309e+00
   1.0665094e+00
   1.0833668e+00
   1.1213642e+00
   1.1444836e+00
   1.1327992e+00
   1.1041155e+00
   1.0645539e+00
   1.0072381e+00
   9.4489996e-01
   8.9354781e-01
   8.6651216e-01
   8.8183188e-01
   9.0676956e-01
   9.4709073e-01
   9.9942906e-01
   1.0491087e+00
   1.0743118e+00
   1.0749203e+00
   1.0546017e+00
   1.0133037e+00
   9.6519586e-01
   9.2220775e-01
   8.9847659e-01
   8.9526577e-01
   8.9878424e-01
   9.2400010e-01
   9.7422284e-01
   1.0486664e+00
   1.1152647e+00
   1.1350101e+00
   1.1408010e+00
   1.1484571e+00
   1.1321350e+00
   1.0975956e+00
   1.0801792e+00
   1.0760084e+00
   1.0789383e+00
   1.0824034e+00
   1.0987282e+00
   1.1065163e+00
   1.0887086e+00
   1.0643907e+00
   1.0316527e+00
   9.8045913e-01
   9.2460954e-01
   8.8928941e-01
   8.7620919e-01
   8.9623618e-01
   9.2849237e-01
   9.6284739e-01
   1.0002147e+00
   1.0279096e+00
   1.0421759e+00
   1.0502495e+00
   1.0536100e+00
   1.0425683e+00
   1.0101986e+00
   9.6501438e-01
   9.3463996e-01
   9.2627662e-01
   9.2773687e-01
   9.6004790e-01
   1.0055489e+00
   1.0565295e+00
   1.0979536e+00
   1.1091581e+00
   1.1120592e+00
   1.1187380e+00
   1.1092195e+00
   1.0815672e+00
   1.0661299e+00
   9.6277606e-01
   9.9792717e-01
   1.0398266e+00
   1.0942421e+00
   1.1580137e+00
   1.1720438e+00
   1.1429631e+00
   1.0990570e+00
   1.0359711e+00
   9.6403884e-01
   9.0375005e-01
   8.7795942e-01
   8.8655657e-01
   9.0930547e-01
   9.5215039e-01
   1.0094277e+00
   1.0635775e+00
   1.0902163e+00
   1.0883028e+00
   1.0652614e+00
   1.0245070e+00
   9.6944558e-01
   9.2563288e-01
   9.0237331e-01
   8.9939107e-01
   9.1126422e-01
   9.4069121e-01
   9.9842391e-01
   1.0764903e+00
   1.1283234e+00
   1.1386738e+00
   1.1455193e+00
   1.1257994e+00
   1.0734471e+00
   1.0293847e+00
   1.0047695e+00
   1.0004725e+00
   1.0218071e+00
   1.0403150e+00
   1.0664628e+00
   1.1055908e+00
   1.1131850e+00
   1.0906051e+00
   1.0639959e+00
   1.0132535e+00
   9.5199468e-01
   9.0349762e-01
   8.8404790e-01
   8.9738454e-01
   9.2479931e-01
   9.6043028e-01
   9.9895479e-01
   1.0308415e+00
   1.0421308e+00
   1.0465505e+00
   1.0424324e+00
   1.0291235e+00
   9.9359190e-01
   9.5104296e-01
   9.2568651e-01
   9.2330788e-01
   9.3456515e-01
   9.7014183e-01
   1.0213277e+00
   1.0791324e+00
   1.1080419e+00
   1.1081503e+00
   1.1090103e+00
   1.0892104e+00
   1.0420578e+00
   9.9818495e-01
   9.6818776e-01
   8.3304783e-01
   8.8754392e-01
   9.7131672e-01
   1.0541047e+00
   1.1320427e+00
   1.1866272e+00
   1.1678687e+00
   1.1181669e+00
   1.0626067e+00
   9.9133628e-01
   9.2589239e-01
   9.0000809e-01
   9.0315757e-01
   9.2308807e-01
   9.6835429e-01
   1.0249783e+00
   1.0782962e+00
   1.1057298e+00
   1.1067952e+00
   1.0804230e+00
   1.0384707e+00
   9.7803363e-01
   9.3313919e-01
   9.0724067e-01
   9.1246562e-01
   9.3037233e-01
   9.6201889e-01
   1.0231453e+00
   1.0944936e+00
   1.1280171e+00
   1.1402392e+00
   1.1232922e+00
   1.0653095e+00
   1.0016337e+00
   9.4735295e-01
   9.1028052e-01
   9.0213609e-01
   9.3343149e-01
   9.7588258e-01
   1.0241129e+00
   1.0768310e+00
   1.1171086e+00
   1.1117438e+00
   1.0869467e+00
   1.0482817e+00
   9.8118926e-01
   9.1983139e-01
   8.9872844e-01
   9.0294581e-01
   9.2888202e-01
   9.6622472e-01
   1.0070730e+00
   1.0403513e+00
   1.0506501e+00
   1.0522027e+00
   1.0421004e+00
   1.0183492e+00
   9.7964804e-01
   9.3765623e-01
   9.1211307e-01
   9.1947965e-01
   9.4444623e-01
   9.8009569e-01
   1.0343341e+00
   1.0926982e+00
   1.1073801e+00
   1.1072015e+00
   1.0851957e+00
   1.0308408e+00
   9.6804046e-01
   9.0368769e-01
   8.4890401e-01
   7.2877542e-01
   7.9207123e-01
   8.8947710e-01
   9.9126441e-01
   1.0834438e+00
   1.1449256e+00
   1.1660164e+00
   1.1280396e+00
   1.0768166e+00
   1.0183726e+00
   9.5694096e-01
   9.2803270e-01
   9.1858765e-01
   9.3898157e-01
   9.8103488e-01
   1.0301893e+00
   1.0821859e+00
   1.1114266e+00
   1.1119184e+00
   1.0845250e+00
   1.0377334e+00
   9.7854511e-01
   9.3796161e-01
   9.1825579e-01
   9.2303681e-01
   9.4552299e-01
   9.8194383e-01
   1.0403743e+00
   1.0951299e+00
   1.1255890e+00
   1.1269209e+00
   1.0818897e+00
   1.0136684e+00
   9.3652383e-01
   8.6734775e-01
   8.2130515e-01
   8.0923099e-01
   8.4998561e-01
   9.0325821e-01
   9.7141137e-01
   1.0413206e+00
   1.0922573e+00
   1.1175571e+00
   1.1043110e+00
   1.0663262e+00
   1.0113549e+00
   9.5126383e-01
   9.2188112e-01
   9.1545283e-01
   9.4129901e-01
   9.8068380e-01
   1.0178078e+00
   1.0539379e+00
   1.0674847e+00
   1.0663228e+00
   1.0491164e+00
   1.0171390e+00
   9.6912873e-01
   9.3429007e-01
   9.1481192e-01
   9.1963361e-01
   9.5118053e-01
   9.9133732e-01
   1.0436202e+00
   1.0914933e+00
   1.1123439e+00
   1.0988096e+00
   1.0517799e+00
   9.8804811e-01
   9.0809326e-01
   8.2062659e-01
   7.5243279e-01
   6.8897895e-01
   7.3508013e-01
   8.1478662e-01
   9.2327702e-01
   1.0360858e+00
   1.1063488e+00
   1.1351951e+00
   1.1300239e+00
   1.0870180e+00
   1.0329858e+00
   9.7678785e-01
   9.3927622e-01
   9.2831761e-01
   9.4749215e-01
   9.8405934e-01
   1.0300845e+00
   1.0828473e+00
   1.1084794e+00
   1.1125988e+00
   1.0839675e+00
   1.0383089e+00
   9.7786101e-01
   9.3369845e-01
   9.1861828e-01
   9.2432890e-01
   9.4536103e-01
   9.8516821e-01
   1.0398734e+00
   1.0964608e+00
   1.1232665e+00
   1.1066965e+00
   1.0527124e+00
   9.7441606e-01
   8.7210597e-01
   7.8802692e-01
   7.4541115e-01
   7.3116526e-01
   7.7380294e-01
   8.3118541e-01
   9.1080282e-01
   1.0148253e+00
   1.0810959e+00
   1.1127440e+00
   1.1154102e+00
   1.0826731e+00
   1.0250413e+00
   9.6858318e-01
   9.3329368e-01
   9.2471665e-01
   9.5007891e-01
   9.8877088e-01
   1.0312477e+00
   1.0714677e+00
   1.0868027e+00
   1.0900531e+00
   1.0656667e+00
   1.0271148e+00
   9.7308492e-01
   9.3077789e-01
   9.1621868e-01
   9.2116048e-01
   9.4573660e-01
   9.9028539e-01
   1.0404619e+00
   1.0905786e+00
   1.1123848e+00
   1.0893380e+00
   1.0357653e+00
   9.6053259e-01
   8.5508573e-01
   7.5310573e-01
   7.0076355e-01
   6.5120645e-01
   7.1535878e-01
   7.7931771e-01
   8.8256220e-01
   1.0027780e+00
   1.0871977e+00
   1.1194509e+00
   1.1188119e+00
   1.0927228e+00
   1.0462980e+00
   9.8155670e-01
   9.4058567e-01
   9.2800661e-01
   9.4708912e-01
   9.8787065e-01
   1.0336365e+00
   1.0850975e+00
   1.1032291e+00
   1.1156444e+00
   1.0797169e+00
   1.0363906e+00
   9.7335464e-01
   9.3216382e-01
   9.1163345e-01
   9.2024690e-01
   9.4423427e-01
   9.8857856e-01
   1.0420788e+00
   1.0892524e+00
   1.1121231e+00
   1.0944145e+00
   1.0373643e+00
   9.4854567e-01
   8.3030736e-01
   7.2807286e-01
   6.8761456e-01
   6.5120645e-01
   7.1535878e-01
   7.7931771e-01
   8.8256220e-01
   1.0027780e+00
   1.0871977e+00
   1.1194509e+00
   1.1188119e+00
   1.0927228e+00
   1.0462980e+00
   9.8155670e-01
   9.4058567e-01
   9.2800661e-01
   9.4708912e-01
   9.8787065e-01
   1.0336365e+00
   1.0850975e+00
   1.1032291e+00
   1.1156444e+00
   1.0797169e+00
   1.0363906e+00
   9.7335464e-01
   9.3216382e-01
   9.1163345e-01
   9.2024690e-01
   9.4423427e-01
   9.8857856e-01
   1.0420788e+00
   1.0892524e+00
   1.1121231e+00
   1.0944145e+00
   1.0373643e+00
   9.4854567e-01
   8.3030736e-01
   7.2807286e-01
   6.8761456e-01
