   1.1711020e+00
   1.0933428e+00
   1.0966193e+00
   1.1008298e+00
   1.1079975e+00
   1.1135193e+00
   1.1150878e+00
   1.1174392e+00
   1.1209248e+00
   1.1236333e+00
   1.1265279e+00
   1.1312625e+00
   1.1353050e+00
   1.1390976e+00
   1.1442835e+00
   1.1498990e+00
   1.1510443e+00
   1.1510750e+00
   1.1517262e+00
   1.1500103e+00
   1.1471938e+00
   1.1459796e+00
   1.1451774e+00
   1.1423774e+00
   1.1367522e+00
   1.1298920e+00
   1.1232304e+00
   1.1172962e+00
   1.1115325e+00
   1.1061545e+00
   1.1019294e+00
   1.0980319e+00
   1.0941620e+00
   1.0908969e+00
   1.0890327e+00
   1.0859274e+00
   1.0830034e+00
   1.0823644e+00
   1.0840995e+00
   1.0884276e+00
   1.0951694e+00
   1.0998377e+00
   1.1010610e+00
   1.1018664e+00
   1.1031014e+00
   1.1049465e+00
   1.1078704e+00
   1.1103243e+00
   1.1140314e+00
   1.1176622e+00
   1.1211708e+00
   1.1248844e+00
   1.1237755e+00
   1.1206890e+00
   1.1199343e+00
   1.1175500e+00
   1.1150338e+00
   1.1129602e+00
   1.1129563e+00
   1.1089054e+00
   1.1032546e+00
   1.0981508e+00
   1.0930703e+00
   1.0893523e+00
   1.0876311e+00
   1.0865297e+00
   1.0861387e+00
   1.0860205e+00
   1.0859763e+00
   1.0867303e+00
   1.0896339e+00
   1.0912499e+00
   1.0918713e+00
   1.0174356e+00
   1.0149958e+00
   1.0163943e+00
   1.0311333e+00
   1.0356617e+00
   1.0393004e+00
   1.0456242e+00
   1.0525004e+00
   1.0664355e+00
   1.0819444e+00
   1.0940484e+00
   1.1057467e+00
   1.1150473e+00
   1.1205171e+00
   1.1275935e+00
   1.1356736e+00
   1.1357892e+00
   1.1385867e+00
   1.1385093e+00
   1.1334838e+00
   1.1326491e+00
   1.1309544e+00
   1.1218689e+00
   1.1127985e+00
   1.1035858e+00
   1.0893528e+00
   1.0748535e+00
   1.0598330e+00
   1.0453803e+00
   1.0318850e+00
   1.0237617e+00
   1.0178810e+00
   1.0120531e+00
   1.0068355e+00
   1.0001014e+00
   9.9292358e-01
   9.9349032e-01
   1.0010986e+00
   1.0133110e+00
   1.0294454e+00
   1.0368713e+00
   1.0452777e+00
   1.0510813e+00
   1.0628731e+00
   1.0734076e+00
   1.0841112e+00
   1.0932835e+00
   1.0996875e+00
   1.1027340e+00
   1.1056101e+00
   1.1097644e+00
   1.1100002e+00
   1.1012588e+00
   1.0910629e+00
   1.0826118e+00
   1.0713205e+00
   1.0642981e+00
   1.0624905e+00
   1.0534708e+00
   1.0433734e+00
   1.0356939e+00
   1.0263791e+00
   1.0209223e+00
   1.0161560e+00
   1.0121609e+00
   1.0096050e+00
   1.0114190e+00
   1.0174572e+00
   1.0217595e+00
   1.0269307e+00
   1.0276378e+00
   1.0238216e+00
   9.8931469e-01
   9.8302052e-01
   9.7221820e-01
   9.6901723e-01
   9.7309623e-01
   9.7986279e-01
   9.9150276e-01
   1.0067408e+00
   1.0299813e+00
   1.0521822e+00
   1.0760913e+00
   1.0994083e+00
   1.1180632e+00
   1.1362983e+00
   1.1507511e+00
   1.1677096e+00
   1.1791173e+00
   1.1747596e+00
   1.1610357e+00
   1.1405086e+00
   1.1189257e+00
   1.0909660e+00
   1.0674735e+00
   1.0455363e+00
   1.0249457e+00
   1.0081766e+00
   9.9465896e-01
   9.8275851e-01
   9.7141268e-01
   9.5658540e-01
   9.4105505e-01
   9.2963661e-01
   9.2405006e-01
   9.1957191e-01
   9.1991501e-01
   9.2895853e-01
   9.3700948e-01
   9.3904379e-01
   9.4206141e-01
   9.4864580e-01
   9.6976836e-01
   9.9571648e-01
   1.0244523e+00
   1.0560745e+00
   1.0856866e+00
   1.1089018e+00
   1.1305388e+00
   1.1443494e+00
   1.1552317e+00
   1.1649262e+00
   1.1730140e+00
   1.1719042e+00
   1.1612567e+00
   1.1406634e+00
   1.1226278e+00
   1.1029699e+00
   1.0832729e+00
   1.0684826e+00
   1.0577333e+00
   1.0447699e+00
   1.0326431e+00
   1.0225091e+00
   1.0122251e+00
   1.0037097e+00
   9.9588259e-01
   9.9155282e-01
   9.9182020e-01
   9.9129159e-01
   9.9289330e-01
   9.9296869e-01
   9.9071063e-01
   9.9060711e-01
   9.4633624e-01
   9.3675969e-01
   9.1646155e-01
   9.0232700e-01
   8.9990100e-01
   9.1848010e-01
   9.3115028e-01
   9.4797733e-01
   9.6917494e-01
   9.9463963e-01
   1.0399623e+00
   1.0899482e+00
   1.1339450e+00
   1.1661705e+00
   1.1816711e+00
   1.1914577e+00
   1.1985220e+00
   1.1881511e+00
   1.1647960e+00
   1.1397549e+00
   1.1115051e+00
   1.0768759e+00
   1.0520342e+00
   1.0367793e+00
   1.0146136e+00
   9.9060821e-01
   9.5883778e-01
   9.2825912e-01
   9.1637911e-01
   9.1203777e-01
   9.1250365e-01
   9.1718850e-01
   9.2219915e-01
   9.3877440e-01
   9.4117342e-01
   9.4498936e-01
   9.4720112e-01
   9.4413526e-01
   9.3717496e-01
   9.3483538e-01
   9.3799817e-01
   9.5969241e-01
   9.8460758e-01
   1.0108203e+00
   1.0346112e+00
   1.0643470e+00
   1.0932890e+00
   1.1230590e+00
   1.1587819e+00
   1.1908989e+00
   1.2092549e+00
   1.2051237e+00
   1.1874157e+00
   1.1595357e+00
   1.1352071e+00
   1.1085139e+00
   1.0810191e+00
   1.0637023e+00
   1.0520613e+00
   1.0342511e+00
   1.0117054e+00
   9.9111518e-01
   9.7256552e-01
   9.5413038e-01
   9.3636118e-01
   9.2806810e-01
   9.2953852e-01
   9.3262550e-01
   9.4131345e-01
   9.4207853e-01
   9.4034277e-01
   9.4379608e-01
   8.6675161e-01
   8.6657659e-01
   8.6110452e-01
   8.6529045e-01
   8.7452255e-01
   8.8566690e-01
   9.0261432e-01
   9.2169567e-01
   9.3819463e-01
   9.5363350e-01
   9.7534741e-01
   1.0173754e+00
   1.0681016e+00
   1.1195777e+00
   1.1685493e+00
   1.2045879e+00
   1.2250337e+00
   1.2249175e+00
   1.2103365e+00
   1.1923421e+00
   1.1663778e+00
   1.1256027e+00
   1.0878240e+00
   1.0516610e+00
   1.0170248e+00
   9.8276586e-01
   9.5755384e-01
   9.4080191e-01
   9.2009880e-01
   9.0539648e-01
   9.0378047e-01
   9.0147407e-01
   9.1414008e-01
   9.2299675e-01
   9.2047629e-01
   9.1296507e-01
   9.0524060e-01
   9.0037895e-01
   8.8660465e-01
   8.8568949e-01
   8.8926001e-01
   8.9392251e-01
   9.0380264e-01
   9.1199537e-01
   9.3430889e-01
   9.6480880e-01
   1.0007209e+00
   1.0474211e+00
   1.0868442e+00
   1.1321258e+00
   1.1532667e+00
   1.1517454e+00
   1.1440592e+00
   1.1405492e+00
   1.1465108e+00
   1.1330017e+00
   1.1035597e+00
   1.0831450e+00
   1.0583571e+00
   1.0224424e+00
   9.8478387e-01
   9.5237890e-01
   9.1937807e-01
   8.9798169e-01
   8.8338469e-01
   8.7186892e-01
   8.7069209e-01
   8.7550594e-01
   8.7674583e-01
   8.7072649e-01
   8.6592144e-01
   8.6486080e-01
   8.1357999e-01
   8.2301930e-01
   8.2218732e-01
   8.3009847e-01
   8.4599598e-01
   8.7101839e-01
   8.9020100e-01
   8.9674848e-01
   9.0785355e-01
   9.3248859e-01
   9.5791307e-01
   9.9202621e-01
   1.0346177e+00
   1.0832501e+00
   1.1305866e+00
   1.1753279e+00
   1.2074073e+00
   1.2354839e+00
   1.2321297e+00
   1.1903937e+00
   1.1170741e+00
   1.0738588e+00
   1.0442622e+00
   1.0236822e+00
   9.9630006e-01
   9.7374756e-01
   9.5846557e-01
   9.4310097e-01
   9.1850183e-01
   8.8551207e-01
   8.6286474e-01
   8.6326427e-01
   8.7668335e-01
   8.8779068e-01
   8.8065883e-01
   8.6915669e-01
   8.6341769e-01
   8.5686853e-01
   8.5725722e-01
   8.6118762e-01
   8.5965671e-01
   8.5233786e-01
   8.5168905e-01
   8.6450940e-01
   8.8948621e-01
   9.2267055e-01
   9.5578960e-01
   9.9703264e-01
   1.0444068e+00
   1.0766829e+00
   1.1024309e+00
   1.1155953e+00
   1.1264189e+00
   1.1325061e+00
   1.1373949e+00
   1.1336846e+00
   1.1139260e+00
   1.0862432e+00
   1.0488312e+00
   1.0116172e+00
   9.7126241e-01
   9.2961552e-01
   8.9255182e-01
   8.7064336e-01
   8.6405338e-01
   8.5967416e-01
   8.4966527e-01
   8.3884630e-01
   8.3551327e-01
   8.3438048e-01
   8.2371037e-01
   8.0683052e-01
   8.4828220e-01
   8.6383101e-01
   8.8765034e-01
   9.1930102e-01
   9.1968052e-01
   8.9866192e-01
   8.7919793e-01
   8.5290032e-01
   8.6163975e-01
   8.8544975e-01
   9.2665300e-01
   9.6756173e-01
   1.0143492e+00
   1.0588689e+00
   1.0949207e+00
   1.1259070e+00
   1.1684449e+00
   1.1918157e+00
   1.1748265e+00
   1.1342677e+00
   1.0534283e+00
   9.8580627e-01
   9.5409229e-01
   9.4737041e-01
   9.4871263e-01
   9.4066552e-01
   9.2976581e-01
   9.0042991e-01
   8.7278057e-01
   8.5340143e-01
   8.4211633e-01
   8.6710622e-01
   8.8585958e-01
   8.9493865e-01
   9.0985498e-01
   9.0821128e-01
   8.9177414e-01
   8.7721355e-01
   8.7945376e-01
   8.8788883e-01
   8.9692886e-01
   8.9010967e-01
   8.7777070e-01
   8.9210009e-01
   9.1145797e-01
   9.3231697e-01
   9.5897231e-01
   9.8265343e-01
   1.0160939e+00
   1.0655407e+00
   1.1079639e+00
   1.1305530e+00
   1.1396287e+00
   1.1450178e+00
   1.1471127e+00
   1.1441164e+00
   1.1229204e+00
   1.0569698e+00
   1.0029043e+00
   9.6317870e-01
   9.3388389e-01
   9.0644826e-01
   8.8860885e-01
   8.8699243e-01
   8.8593761e-01
   8.8961479e-01
   8.9072363e-01
   8.9559119e-01
   8.8764925e-01
   8.7475642e-01
   8.5973665e-01
   8.4187383e-01
   9.4920245e-01
   9.5905899e-01
   9.6259621e-01
   9.8978346e-01
   9.9304198e-01
   9.5349916e-01
   8.9956491e-01
   8.4115104e-01
   8.4464209e-01
   8.6828912e-01
   9.1178045e-01
   9.4963976e-01
   1.0050326e+00
   1.0598966e+00
   1.0980214e+00
   1.1332169e+00
   1.1365967e+00
   1.1449297e+00
   1.1373251e+00
   1.0792222e+00
   9.9323918e-01
   9.3557125e-01
   9.2253946e-01
   9.1592089e-01
   9.1280648e-01
   9.0081462e-01
   9.0083427e-01
   8.8535681e-01
   8.7044222e-01
   8.5905878e-01
   8.6175448e-01
   8.7803962e-01
   9.1061158e-01
   9.5176754e-01
   9.5997769e-01
   9.7003653e-01
   9.6144759e-01
   9.5867801e-01
   9.7433647e-01
   9.4059142e-01
   9.0898098e-01
   8.9961706e-01
   8.9745678e-01
   8.9014451e-01
   8.8508871e-01
   9.1007423e-01
   9.4285524e-01
   9.6928009e-01
   9.9570387e-01
   1.0070078e+00
   1.0223769e+00
   1.0709695e+00
   1.1249073e+00
   1.1727852e+00
   1.1810895e+00
   1.1657257e+00
   1.1065884e+00
   1.0318543e+00
   9.6420830e-01
   9.2349492e-01
   8.8973398e-01
   8.7089311e-01
   8.6783737e-01
   8.7364439e-01
   8.8586720e-01
   9.1712802e-01
   9.2724080e-01
   9.1042867e-01
   8.9625313e-01
   9.0668155e-01
   9.2976056e-01
   9.3653429e-01
   9.9715859e-01
   9.9620558e-01
   1.0084644e+00
   1.0422848e+00
   1.0189091e+00
   9.9043867e-01
   9.3734195e-01
   8.8745996e-01
   8.6331480e-01
   8.5144240e-01
   8.6672505e-01
   8.9110883e-01
   9.2942976e-01
   1.0005427e+00
   1.0910290e+00
   1.1671612e+00
   1.1582559e+00
   1.1321193e+00
   1.1266548e+00
   1.0606823e+00
   9.9906139e-01
   9.4834594e-01
   9.3129901e-01
   9.1113667e-01
   8.8207658e-01
   8.7275144e-01
   8.7983938e-01
   8.7025749e-01
   8.6300447e-01
   8.5519843e-01
   8.7371729e-01
   9.0948663e-01
   9.6496989e-01
   1.0282908e+00
   1.0141370e+00
   1.0004734e+00
   1.0182548e+00
   1.0832551e+00
   1.0948996e+00
   1.0212367e+00
   9.2939466e-01
   8.7955580e-01
   9.1287561e-01
   9.2255707e-01
   9.1611119e-01
   9.0607797e-01
   8.9843576e-01
   9.1872162e-01
   9.5680146e-01
   9.4342198e-01
   9.6283351e-01
   1.0080364e+00
   1.0584373e+00
   1.1395492e+00
   1.2196244e+00
   1.1647777e+00
   1.0986867e+00
   1.0322352e+00
   9.6540953e-01
   9.0272967e-01
   8.5700504e-01
   8.3041157e-01
   8.2895493e-01
   8.6714161e-01
   9.1002423e-01
   9.5210819e-01
   9.8163809e-01
   9.3811277e-01
   9.4483199e-01
   9.8982413e-01
   1.0303725e+00
   1.0289161e+00
   1.0697452e+00
   1.0835598e+00
   1.1054434e+00
   1.0929970e+00
   1.0296833e+00
   9.9467259e-01
   9.6924433e-01
   9.3280148e-01
   8.9872600e-01
   8.7235459e-01
   8.5288459e-01
   8.4481840e-01
   8.3386515e-01
   8.9950371e-01
   1.0062974e+00
   1.1048009e+00
   1.1358820e+00
   1.1335369e+00
   1.0978834e+00
   1.0625724e+00
   1.0256429e+00
   9.5671721e-01
   8.8857607e-01
   8.6341565e-01
   8.5665680e-01
   8.7126870e-01
   8.8013045e-01
   8.8847528e-01
   9.0084061e-01
   9.1738825e-01
   9.5101708e-01
   1.0381401e+00
   1.1190448e+00
   1.1498668e+00
   1.1290884e+00
   1.1071277e+00
   1.1052860e+00
   1.1809478e+00
   1.1756857e+00
   1.0924127e+00
   1.0042189e+00
   9.4064183e-01
   9.4950502e-01
   9.6065992e-01
   9.3080153e-01
   8.6874099e-01
   8.3592474e-01
   8.6192279e-01
   9.0952779e-01
   9.5080354e-01
   9.9201265e-01
   1.0444744e+00
   1.0849580e+00
   1.1240727e+00
   1.1378723e+00
   1.0765292e+00
   1.0155877e+00
   1.0062731e+00
   9.6299026e-01
   9.2099043e-01
   8.6771427e-01
   8.2367216e-01
   8.4211858e-01
   9.1482698e-01
   9.8974300e-01
   1.0483224e+00
   1.0462455e+00
   1.0590438e+00
   1.1037772e+00
   1.1318492e+00
   1.1476973e+00
   1.1237756e+00
   1.1840366e+00
   1.1709036e+00
   1.1753672e+00
   1.1430317e+00
   1.0560828e+00
   1.0073061e+00
   9.8246300e-01
   9.7707835e-01
   9.2098128e-01
   8.8626637e-01
   8.5280452e-01
   8.2554652e-01
   8.3487368e-01
   8.8341157e-01
   9.6933484e-01
   1.0408575e+00
   1.0928234e+00
   1.1094043e+00
   1.0997944e+00
   1.0659947e+00
   1.0415799e+00
   9.6653142e-01
   8.9807784e-01
   8.3728080e-01
   8.3506965e-01
   8.5260404e-01
   8.9239541e-01
   9.2669433e-01
   9.7194271e-01
   1.0445151e+00
   1.0978097e+00
   1.1558619e+00
   1.2044964e+00
   1.2172723e+00
   1.2269184e+00
   1.1849101e+00
   1.1587977e+00
   1.1916110e+00
   1.1981965e+00
   1.1477678e+00
   1.1035133e+00
   1.0647710e+00
   1.0199013e+00
   9.7542355e-01
   9.1375290e-01
   8.2383257e-01
   7.8436086e-01
   8.3889250e-01
   9.1335148e-01
   9.5975600e-01
   9.8958155e-01
   1.0451502e+00
   1.0927220e+00
   1.0861019e+00
   1.0987365e+00
   1.0763372e+00
   1.0308181e+00
   9.6948668e-01
   9.1879922e-01
   9.0933133e-01
   9.0982451e-01
   8.6682923e-01
   8.5920888e-01
   9.3307969e-01
   1.0298821e+00
   1.0859666e+00
   1.1135970e+00
   1.1352636e+00
   1.1729299e+00
   1.2008766e+00
   1.2394022e+00
   1.2110167e+00
   1.1941180e+00
   1.1625583e+00
   1.1958932e+00
   1.1827908e+00
   1.1135995e+00
   1.0470141e+00
   1.0399957e+00
   1.0089716e+00
   9.5042028e-01
   8.9699587e-01
   8.4179384e-01
   8.0118152e-01
   8.3673763e-01
   9.1181411e-01
   9.6386767e-01
   1.0339857e+00
   1.0986508e+00
   1.1370873e+00
   1.1262291e+00
   1.1237750e+00
   1.0568914e+00
   9.3475815e-01
   8.3855174e-01
   8.2696399e-01
   8.4187621e-01
   8.5879593e-01
   8.9496374e-01
   9.3812644e-01
   1.0333706e+00
   1.1415537e+00
   1.2178654e+00
   1.2020626e+00
   1.1804244e+00
   1.2119492e+00
   1.2176198e+00
   1.1982009e+00
   1.1427236e+00
   1.1285134e+00
   1.1710492e+00
   1.1928148e+00
   1.1830336e+00
   1.1525026e+00
   1.0569334e+00
   9.7637053e-01
   8.9364071e-01
   8.0729156e-01
   7.9156897e-01
   8.5381528e-01
   9.0814730e-01
   9.3705345e-01
   9.6818402e-01
   1.0345871e+00
   1.0741838e+00
   1.1094714e+00
   1.1314657e+00
   1.1334244e+00
   1.0956563e+00
   1.0022216e+00
   9.1526117e-01
   8.6347487e-01
   9.0154018e-01
   9.1564428e-01
   9.3076865e-01
   9.7313706e-01
   1.0273330e+00
   1.0740658e+00
   1.1450379e+00
   1.1634268e+00
   1.1758603e+00
   1.2209337e+00
   1.2240213e+00
   1.2289780e+00
   1.1030516e+00
   1.0969237e+00
   1.1598353e+00
   1.2200635e+00
   1.2089773e+00
   1.1598089e+00
   1.1289802e+00
   1.0881607e+00
   9.9487001e-01
   9.1340598e-01
   8.4708218e-01
   7.6651216e-01
   8.3904266e-01
   9.0298938e-01
   9.5819612e-01
   1.0252373e+00
   1.1012016e+00
   1.1597658e+00
   1.1424520e+00
   1.0999522e+00
   1.0227401e+00
   9.3291899e-01
   8.6611201e-01
   8.2320867e-01
   8.3796372e-01
   8.6072647e-01
   9.1780815e-01
   9.6641281e-01
   1.0884721e+00
   1.1931441e+00
   1.2237773e+00
   1.2025682e+00
   1.1893729e+00
   1.1505969e+00
   1.1085634e+00
   1.0940842e+00
   1.1126994e+00
   1.1085572e+00
   1.1008251e+00
   1.1629154e+00
   1.2065163e+00
   1.1651222e+00
   1.1080806e+00
   1.0267830e+00
   9.4661287e-01
   8.6692199e-01
   8.6919371e-01
   8.6084156e-01
   8.5620395e-01
   8.7113866e-01
   9.3934215e-01
   1.0239946e+00
   1.0720607e+00
   1.0733925e+00
   1.0862437e+00
   1.0899337e+00
   1.0900348e+00
   1.0282631e+00
   9.0136715e-01
   8.4564609e-01
   8.8335527e-01
   9.4179908e-01
   9.7494631e-01
   1.0106853e+00
   1.0572980e+00
   1.1338070e+00
   1.1587945e+00
   1.1651845e+00
   1.1623708e+00
   1.1472709e+00
   1.1235069e+00
   1.1314972e+00
   9.5984143e-01
   9.9693974e-01
   1.0732185e+00
   1.1486280e+00
   1.2436833e+00
   1.2427437e+00
   1.2114324e+00
   1.1585671e+00
   1.0697166e+00
   9.4914355e-01
   8.3434059e-01
   7.8464829e-01
   8.4244049e-01
   8.8480647e-01
   9.4369215e-01
   1.0248312e+00
   1.1125436e+00
   1.1733275e+00
   1.1573201e+00
   1.1033872e+00
   1.0149114e+00
   9.5446488e-01
   8.9151514e-01
   8.5299244e-01
   8.5327469e-01
   8.7936308e-01
   9.5538420e-01
   1.0277780e+00
   1.1329177e+00
   1.2073660e+00
   1.1939772e+00
   1.1780858e+00
   1.1332271e+00
   1.0229832e+00
   9.4502379e-01
   9.7774433e-01
   1.0230080e+00
   1.0412723e+00
   1.0268201e+00
   1.0932532e+00
   1.1671569e+00
   1.1679577e+00
   1.1258998e+00
   1.1009903e+00
   1.0466498e+00
   9.5170401e-01
   8.9705874e-01
   8.4838861e-01
   8.3178506e-01
   8.4566650e-01
   9.3617800e-01
   1.0133639e+00
   1.0782786e+00
   1.0891976e+00
   1.0791929e+00
   1.0247459e+00
   1.0333632e+00
   9.8997571e-01
   9.0185675e-01
   8.3920526e-01
   8.6631389e-01
   9.2793574e-01
   9.6717044e-01
   1.0125358e+00
   1.1005824e+00
   1.1648513e+00
   1.1595260e+00
   1.1646808e+00
   1.1247911e+00
   1.0480884e+00
   1.0021259e+00
   9.7820704e-01
   7.7725553e-01
   8.3391890e-01
   9.5019621e-01
   1.0659627e+00
   1.1784491e+00
   1.2866272e+00
   1.2456716e+00
   1.1485379e+00
   1.0832189e+00
   9.7192447e-01
   8.4821959e-01
   8.1700927e-01
   8.5494321e-01
   8.8292224e-01
   9.3702272e-01
   1.0284483e+00
   1.1449743e+00
   1.2057298e+00
   1.1863788e+00
   1.1003264e+00
   1.0300281e+00
   9.7623677e-01
   9.1060674e-01
   8.4957291e-01
   8.7458978e-01
   9.4637974e-01
   1.0519957e+00
   1.0677120e+00
   1.1165226e+00
   1.1735481e+00
   1.1839947e+00
   1.1641899e+00
   1.0451346e+00
   9.1471744e-01
   8.5246209e-01
   8.4519012e-01
   8.6581880e-01
   8.8430966e-01
   9.1776936e-01
   1.0207996e+00
   1.1187081e+00
   1.1893359e+00
   1.1575503e+00
   1.1402025e+00
   1.0961442e+00
   9.9851402e-01
   8.6786863e-01
   8.5348431e-01
   8.6769188e-01
   9.2539850e-01
   9.6347989e-01
   1.0235595e+00
   1.1086368e+00
   1.1139803e+00
   1.1026970e+00
   1.0324185e+00
   9.9899377e-01
   9.3916498e-01
   8.6691229e-01
   8.4610842e-01
   8.4487470e-01
   9.1983109e-01
   9.6955465e-01
   1.0470021e+00
   1.1205347e+00
   1.1756747e+00
   1.1858908e+00
   1.1444561e+00
   1.0479651e+00
   9.6590784e-01
   8.7279660e-01
   8.1376766e-01
   6.2877542e-01
   7.3508008e-01
   8.6095471e-01
   1.0095167e+00
   1.1185825e+00
   1.1945034e+00
   1.1954788e+00
   1.0873510e+00
   1.0233716e+00
   9.9912989e-01
   8.9480028e-01
   8.5561350e-01
   8.8095933e-01
   9.0287376e-01
   9.9002201e-01
   1.0800824e+00
   1.1657236e+00
   1.1825004e+00
   1.1744003e+00
   1.1054073e+00
   1.0279409e+00
   9.6110308e-01
   8.9551491e-01
   8.5303022e-01
   8.8839361e-01
   9.6709755e-01
   1.0454690e+00
   1.1105251e+00
   1.1322334e+00
   1.1552535e+00
   1.1685962e+00
   1.1135126e+00
   1.0103893e+00
   8.6116024e-01
   7.7044183e-01
   7.2130515e-01
   7.3792216e-01
   7.9768005e-01
   8.3783719e-01
   9.7032205e-01
   1.0826401e+00
   1.1538599e+00
   1.1848399e+00
   1.1626451e+00
   1.1152822e+00
   1.0400209e+00
   9.0265789e-01
   8.6855947e-01
   9.1458976e-01
   9.6194775e-01
   9.8322123e-01
   1.0176147e+00
   1.1114466e+00
   1.1481105e+00
   1.1493332e+00
   1.0971506e+00
   1.0255434e+00
   9.2328631e-01
   8.7157758e-01
   8.6738963e-01
   8.7191477e-01
   9.0438692e-01
   9.5532177e-01
   1.0536419e+00
   1.1202407e+00
   1.1762525e+00
   1.1850455e+00
   1.0797927e+00
   9.9246764e-01
   9.0695408e-01
   7.6908395e-01
   6.6507305e-01
   5.9096191e-01
   6.5674063e-01
   7.4023119e-01
   9.1462450e-01
   1.0985576e+00
   1.1782070e+00
   1.1712148e+00
   1.1420323e+00
   1.0947151e+00
   1.0525868e+00
   9.4322999e-01
   8.8026898e-01
   8.8095938e-01
   9.0042547e-01
   1.0056286e+00
   1.0834987e+00
   1.1384064e+00
   1.1546795e+00
   1.1636725e+00
   1.1198786e+00
   1.0477907e+00
   9.7034549e-01
   8.7486889e-01
   8.6391574e-01
   9.0573466e-01
   9.3395632e-01
   9.8563156e-01
   1.1064122e+00
   1.1689128e+00
   1.1842641e+00
   1.1350247e+00
   1.0577203e+00
   9.3076674e-01
   7.8566722e-01
   6.9960388e-01
   6.5979274e-01
   6.4224227e-01
   7.0050746e-01
   7.4532222e-01
   8.5811702e-01
   1.0538397e+00
   1.1571116e+00
   1.1709275e+00
   1.1561913e+00
   1.1512367e+00
   1.0661470e+00
   9.0964403e-01
   8.5367452e-01
   8.5366590e-01
   8.6697335e-01
   8.9285065e-01
   1.0072354e+00
   1.1331367e+00
   1.1650572e+00
   1.1523989e+00
   1.1334922e+00
   1.0748564e+00
   9.5902655e-01
   8.5760359e-01
   8.6765706e-01
   8.7858819e-01
   8.8090709e-01
   9.1708577e-01
   1.0135834e+00
   1.1254648e+00
   1.1900779e+00
   1.1315523e+00
   1.0056288e+00
   9.2205262e-01
   8.1629881e-01
   6.7680256e-01
   6.0076355e-01
   5.5558931e-01
   6.2694623e-01
   6.7931771e-01
   8.2647070e-01
   1.0476315e+00
   1.1871977e+00
   1.1993039e+00
   1.1711745e+00
   1.1789745e+00
   1.1118422e+00
   9.3782660e-01
   8.4136225e-01
   8.4305008e-01
   8.4939260e-01
   9.1224688e-01
   1.0176056e+00
   1.1129347e+00
   1.1356402e+00
   1.1451523e+00
   1.1207258e+00
   1.0793468e+00
   9.4710995e-01
   8.4395737e-01
   8.5011483e-01
   9.0422473e-01
   8.9458030e-01
   9.3686725e-01
   1.0579347e+00
   1.1660210e+00
   1.1963275e+00
   1.1441462e+00
   1.0070844e+00
   8.9514042e-01
   7.6036439e-01
   6.2807286e-01
   5.9996624e-01
   5.5558931e-01
   6.2694623e-01
   6.7931771e-01
   8.2647070e-01
   1.0476315e+00
   1.1871977e+00
   1.1993039e+00
   1.1711745e+00
   1.1789745e+00
   1.1118422e+00
   9.3782660e-01
   8.4136225e-01
   8.4305008e-01
   8.4939260e-01
   9.1224688e-01
   1.0176056e+00
   1.1129347e+00
   1.1356402e+00
   1.1451523e+00
   1.1207258e+00
   1.0793468e+00
   9.4710995e-01
   8.4395737e-01
   8.5011483e-01
   9.0422473e-01
   8.9458030e-01
   9.3686725e-01
   1.0579347e+00
   1.1660210e+00
   1.1963275e+00
   1.1441462e+00
   1.0070844e+00
   8.9514042e-01
   7.6036439e-01
   6.2807286e-01
   5.9996624e-01
