   1.1902967e+00
   9.5336794e-01
   1.0383964e+00
   1.0529940e+00
   1.1879878e+00
   1.2736777e+00
   9.7374097e-01
   1.0313670e+00
   1.1539565e+00
   9.5643715e-01
   1.1637130e+00
   1.0076646e+00
   9.8971725e-01
   1.1643721e+00
   1.0153647e+00
   1.1023465e+00
   1.0518635e+00
   1.0095642e+00
   1.0222184e+00
   1.1008268e+00
   1.0438839e+00
   1.0878947e+00
   9.9325712e-01
   9.9752434e-01
   1.0644284e+00
   1.0714621e+00
   9.6482048e-01
   1.0725550e+00
   1.1877476e+00
   1.0541528e+00
   1.0376689e+00
   6.5735596e-01
   7.6535868e-01
   6.3122127e-01
   1.1998207e+00
   1.1634378e+00
   6.7600586e-01
   9.2558386e-01
   1.1103056e+00
   7.2701416e-01
   9.7950919e-01
   9.7777471e-01
   1.0399366e+00
   8.7876392e-01
   1.0574792e+00
   8.1473906e-01
   1.1233240e+00
   7.7766387e-01
   9.8664179e-01
   9.7863400e-01
   9.1833908e-01
   1.0166604e+00
   7.3591499e-01
   8.7951135e-01
   9.9815838e-01
   9.8380482e-01
   8.4859785e-01
   9.6741228e-01
   1.1048452e+00
   1.0348247e+00
   1.0630427e+00
   1.0257935e+00
   8.2632645e-01
   1.1233535e+00
   1.0859288e+00
   9.2227499e-01
   9.3176228e-01
   1.0036935e+00
   7.1477996e-01
   8.9480732e-01
   1.0394350e+00
   8.9416836e-01
   9.5355595e-01
   1.0804780e+00
   1.1102833e+00
   9.4436382e-01
   1.0321051e+00
   8.4042813e-01
   1.0079180e+00
   1.0979020e+00
   1.0512332e+00
   8.1994213e-01
   8.8491161e-01
   1.0114212e+00
   9.0995355e-01
   1.3642232e+00
   9.3567256e-01
   1.2677414e+00
   1.0429530e+00
   1.1823143e+00
   9.1598586e-01
   1.1201486e+00
   1.0195843e+00
   9.0701918e-01
   1.2408340e+00
   9.4518948e-01
   1.0685323e+00
   8.1497862e-01
   8.5805401e-01
   1.0665724e+00
   1.1223412e+00
   1.2164845e+00
   9.2113885e-01
   9.5132917e-01
   1.0704648e+00
   1.2920865e+00
   1.1294326e+00
   9.1173530e-01
   8.8781216e-01
   1.0999004e+00
   7.7764928e-01
   9.7944229e-01
   1.0328330e+00
   1.2672519e+00
   9.3663359e-01
   1.0212730e+00
   8.8013028e-01
   1.0527628e+00
   9.1005171e-01
   9.1104841e-01
   9.2598343e-01
   1.1831437e+00
   1.4764238e+00
   1.1242453e+00
   7.4098591e-01
   1.1960616e+00
   1.1059240e+00
   7.6546260e-01
   1.1359059e+00
   1.1917449e+00
   1.1396689e+00
   1.1487855e+00
   7.7651076e-01
   7.4343644e-01
   1.0903711e+00
   1.2290263e+00
   7.2016628e-01
   1.2709782e+00
   1.0176153e+00
   6.6920134e-01
   1.1166230e+00
   1.1494521e+00
   8.1661605e-01
   8.7990418e-01
   1.0054428e+00
   6.3967002e-01
   5.3824793e-01
   1.2573172e+00
   8.5903939e-01
   1.0507515e+00
   6.2494561e-01
   9.2316568e-01
   7.6262192e-01
   6.1499313e-01
   9.4108015e-01
   7.0627827e-01
   9.4748330e-01
   8.1054928e-01
   7.7016624e-01
   6.9431628e-01
   1.0993298e+00
   9.6672782e-01
   1.0580943e+00
   6.8413546e-01
   1.0742307e+00
   1.0041321e+00
   6.0817211e-01
   8.7550701e-01
   7.3293658e-01
   1.0786732e+00
   1.0404504e+00
   1.0702389e+00
   1.2880412e+00
   7.9525757e-01
   1.3103450e+00
   1.2719418e+00
   7.1102724e-01
   8.2925896e-01
   1.2096496e+00
   9.4691802e-01
   8.9743913e-01
   1.1717714e+00
   1.1982069e+00
   6.6176742e-01
   9.2112627e-01
   9.3240096e-01
   9.0290631e-01
   1.2038044e+00
   6.9256385e-01
   9.5446098e-01
   1.0017980e+00
   9.7050760e-01
   8.3996212e-01
   7.5176877e-01
   1.1037055e+00
   9.8704374e-01
   1.1189775e+00
   1.3958309e+00
   6.2935745e-01
   1.2643344e+00
   1.2053857e+00
   1.1473463e+00
   1.0826849e+00
   1.0578566e+00
   1.0814700e+00
   7.5555822e-01
   6.2335715e-01
   8.7795519e-01
   1.0281073e+00
   1.1348553e+00
   1.2922156e+00
   1.0979110e+00
   1.0697837e+00
   1.2647476e+00
   7.2562205e-01
   1.0537177e+00
   7.9305239e-01
   7.6262019e-01
   8.6866501e-01
   1.0568476e+00
   9.9256768e-01
   1.0530758e+00
   1.1786451e+00
   1.0793145e+00
   1.2615608e+00
   1.2606372e+00
   1.0854688e+00
   7.8654365e-01
   1.5393820e+00
   1.3287960e+00
   1.0143323e+00
   1.3338896e+00
   1.0988272e+00
   1.1519213e+00
   7.9930400e-01
   7.9481501e-01
   1.2924623e+00
   1.0772458e+00
   6.4436105e-01
   1.0388158e+00
   7.2727456e-01
   1.0627857e+00
   8.2906754e-01
   8.4964750e-01
   1.1895030e+00
   1.2971167e+00
   1.0963742e+00
   7.7612099e-01
   1.3075898e+00
   1.3323875e+00
   6.8292285e-01
   1.1739573e+00
   1.2754694e+00
   6.8783094e-01
   1.3323875e+00
   1.0988272e+00
   7.2727456e-01
   6.8783094e-01
   1.1519213e+00
   8.4964750e-01
   1.0697837e+00
   9.7050760e-01
   8.6866501e-01
   8.2906754e-01
   1.0627857e+00
   1.0017980e+00
   9.5446098e-01
   6.8292285e-01
   1.1739573e+00
   1.0702389e+00
   1.0404504e+00
   8.7795519e-01
   1.0979110e+00
   7.8654365e-01
   1.0580943e+00
   1.0041321e+00
   1.0388158e+00
   9.4691802e-01
   1.2573172e+00
   9.0290631e-01
   1.0854688e+00
   1.0993298e+00
   9.6672782e-01
   7.9481501e-01
   1.0826849e+00
   7.5555822e-01
   1.0786732e+00
   1.0742307e+00
   1.3075898e+00
   6.8292285e-01
   9.2112627e-01
   9.3240096e-01
   1.0143323e+00
   7.9930400e-01
   7.9305239e-01
   9.8704374e-01
   1.0537177e+00
   6.4436105e-01
   1.0772458e+00
   6.8783094e-01
   7.7612099e-01
   1.0963742e+00
   1.2754694e+00
   1.5393820e+00
   7.7612099e-01
   1.1786451e+00
   1.0793145e+00
   7.9481501e-01
   1.1895030e+00
   1.2615608e+00
   7.8654365e-01
   9.9256768e-01
   1.0530758e+00
   7.2727456e-01
   1.2924623e+00
   1.0814700e+00
   6.9256385e-01
   7.6262019e-01
   6.2935745e-01
   1.0578566e+00
   7.9525757e-01
   7.1102724e-01
   1.1189775e+00
   8.3996212e-01
   1.1348553e+00
   1.3338896e+00
   1.0963742e+00
   1.0388158e+00
   1.2971167e+00
   1.2606372e+00
   1.0854688e+00
   1.0988272e+00
   1.3287960e+00
   1.1982069e+00
   1.1717714e+00
   1.2880412e+00
   1.2096496e+00
   1.1739573e+00
   1.2754694e+00
   1.3323875e+00
   1.3075898e+00
   6.8413546e-01
   6.0817211e-01
   6.2494561e-01
   7.6262192e-01
   8.5903939e-01
   7.7016624e-01
   1.2647476e+00
   1.2922156e+00
   1.3958309e+00
   1.2643344e+00
   1.1895030e+00
   8.7550701e-01
   1.2924623e+00
   9.4108015e-01
   1.0507515e+00
   1.5393820e+00
   9.4748330e-01
   1.2615608e+00
   1.1037055e+00
   5.3824793e-01
   1.2038044e+00
   6.3967002e-01
   1.3103450e+00
   1.2719418e+00
   1.2971167e+00
   7.3293658e-01
   1.3287960e+00
   7.0627827e-01
   9.2316568e-01
   1.3338896e+00
   8.1054928e-01
   1.2606372e+00
   1.0568476e+00
   1.0281073e+00
   1.1473463e+00
   1.2053857e+00
   6.9431628e-01
   6.1499313e-01
   1.2754694e+00
   1.3075898e+00
   1.1739573e+00
   1.3323875e+00
   7.5176877e-01
   6.6176742e-01
   8.2925896e-01
   8.9743913e-01
   1.0772458e+00
   1.0143323e+00
   1.0627857e+00
   1.1519213e+00
   7.2562205e-01
   6.2335715e-01
   7.9930400e-01
   6.4436105e-01
   8.4964750e-01
   8.2906754e-01
   6.8292285e-01
   6.8783094e-01
