   1.1232000e+00
   1.1755000e+00
   1.1730000e+00
   1.1705000e+00
   1.1681000e+00
   1.1656000e+00
   1.1631000e+00
   1.1606000e+00
   1.1631000e+00
   1.1656000e+00
   1.1681000e+00
   1.1705000e+00
   1.1730000e+00
   1.1755000e+00
   1.1444000e+00
   1.1132000e+00
   1.0820000e+00
   1.0508000e+00
   1.0196000e+00
   9.8850000e-01
   1.0084000e+00
   1.0284000e+00
   1.0483000e+00
   1.0683000e+00
   1.0882000e+00
   1.1082000e+00
   1.1269000e+00
   1.1456000e+00
   1.1643000e+00
   1.1830000e+00
   1.2017000e+00
   1.2204000e+00
   1.2192000e+00
   1.2179000e+00
   1.2167000e+00
   1.2154000e+00
   1.2142000e+00
   1.2129000e+00
   1.2017000e+00
   1.1905000e+00
   1.1793000e+00
   1.1681000e+00
   1.1568000e+00
   1.1456000e+00
   1.1431000e+00
   1.1406000e+00
   1.1381000e+00
   1.1356000e+00
   1.1331000e+00
   1.1306000e+00
   1.1356000e+00
   1.1406000e+00
   1.1456000e+00
   1.1506000e+00
   1.1556000e+00
   1.1606000e+00
   1.1257000e+00
   1.0907000e+00
   1.0558000e+00
   1.0209000e+00
   9.8600000e-01
   9.5110000e-01
   9.6230000e-01
   9.7350000e-01
   9.8470000e-01
   9.9600000e-01
   1.0072000e+00
   1.0184000e+00
   1.0446000e+00
   1.0708000e+00
   1.0970000e+00
   1.1232000e+00
   1.1493000e+00
   1.0408000e+00
   1.0184000e+00
   9.9600000e-01
   9.7350000e-01
   9.5110000e-01
   9.2860000e-01
   9.0620000e-01
   9.6480000e-01
   1.0234000e+00
   1.0820000e+00
   1.1406000e+00
   1.1992000e+00
   1.2578000e+00
   1.2728000e+00
   1.2878000e+00
   1.3027000e+00
   1.3177000e+00
   1.3327000e+00
   1.3476000e+00
   1.3214000e+00
   1.2953000e+00
   1.2691000e+00
   1.2429000e+00
   1.2167000e+00
   1.1905000e+00
   1.1780000e+00
   1.1656000e+00
   1.1531000e+00
   1.1406000e+00
   1.1281000e+00
   1.1157000e+00
   1.1219000e+00
   1.1281000e+00
   1.1344000e+00
   1.1406000e+00
   1.1469000e+00
   1.1531000e+00
   1.1506000e+00
   1.1481000e+00
   1.1456000e+00
   1.1431000e+00
   1.1406000e+00
   1.1381000e+00
   1.1257000e+00
   1.1132000e+00
   1.1007000e+00
   1.0882000e+00
   1.0758000e+00
   1.0633000e+00
   1.0758000e+00
   1.0882000e+00
   1.1007000e+00
   1.1132000e+00
   1.1257000e+00
   1.1381000e+00
   1.0945000e+00
   1.0508000e+00
   1.0072000e+00
   9.6350000e-01
   9.1990000e-01
   8.7620000e-01
   8.9120000e-01
   9.0620000e-01
   9.2110000e-01
   9.3610000e-01
   9.5110000e-01
   9.6600000e-01
   9.7850000e-01
   9.9100000e-01
   1.0034000e+00
   1.0159000e+00
   1.0284000e+00
   7.9390000e-01
   8.5380000e-01
   9.1360000e-01
   9.7350000e-01
   1.0009000e+00
   1.0284000e+00
   1.0558000e+00
   1.0683000e+00
   1.0808000e+00
   1.0932000e+00
   1.1331000e+00
   1.1730000e+00
   1.2129000e+00
   1.2254000e+00
   1.2379000e+00
   1.2504000e+00
   1.2229000e+00
   1.1955000e+00
   1.1681000e+00
   1.1705000e+00
   1.1730000e+00
   1.1755000e+00
   1.1531000e+00
   1.1306000e+00
   1.1082000e+00
   1.0733000e+00
   1.0384000e+00
   1.0034000e+00
   9.6350000e-01
   9.2360000e-01
   8.8370000e-01
   9.1120000e-01
   9.3860000e-01
   9.6600000e-01
   9.3110000e-01
   8.9620000e-01
   8.6130000e-01
   9.5360000e-01
   1.0458000e+00
   1.1381000e+00
   1.1830000e+00
   1.2279000e+00
   1.2728000e+00
   1.2553000e+00
   1.2379000e+00
   1.2204000e+00
   1.2254000e+00
   1.2304000e+00
   1.2354000e+00
   1.2404000e+00
   1.2454000e+00
   1.2504000e+00
   1.2279000e+00
   1.2055000e+00
   1.1830000e+00
   1.1431000e+00
   1.1032000e+00
   1.0633000e+00
   1.0234000e+00
   9.8350000e-01
   9.4360000e-01
   9.4860000e-01
   9.5360000e-01
   9.5850000e-01
   9.2610000e-01
   8.9370000e-01
   8.6130000e-01
   9.2110000e-01
   9.8100000e-01
   1.0408000e+00
   9.5850000e-01
   8.7620000e-01
   9.4360000e-01
   9.3610000e-01
   9.2860000e-01
   9.2110000e-01
   9.3610000e-01
   9.5110000e-01
   9.6600000e-01
   9.8350000e-01
   1.0009000e+00
   1.0184000e+00
   1.0334000e+00
   1.0483000e+00
   1.0633000e+00
   1.1107000e+00
   1.1581000e+00
   1.2055000e+00
   1.2005000e+00
   1.1955000e+00
   1.1905000e+00
   1.2254000e+00
   1.2603000e+00
   1.2953000e+00
   1.1780000e+00
   1.0608000e+00
   9.4360000e-01
   9.4110000e-01
   9.3860000e-01
   9.3610000e-01
   9.6350000e-01
   9.9100000e-01
   1.0184000e+00
   1.0184000e+00
   1.0184000e+00
   1.0184000e+00
   1.0159000e+00
   1.0134000e+00
   1.0109000e+00
   9.9840000e-01
   9.8600000e-01
   9.7350000e-01
   9.8100000e-01
   9.8850000e-01
   9.9600000e-01
   1.0683000e+00
   1.1406000e+00
   1.2129000e+00
   1.2504000e+00
   1.2878000e+00
   1.3252000e+00
   1.3152000e+00
   1.3052000e+00
   1.2953000e+00
   1.2603000e+00
   1.2254000e+00
   1.1905000e+00
   1.2304000e+00
   1.2703000e+00
   1.3102000e+00
   1.1556000e+00
   1.0009000e+00
   8.4630000e-01
   9.2110000e-01
   9.9600000e-01
   1.0708000e+00
   9.9100000e-01
   9.1120000e-01
   8.3130000e-01
   8.3630000e-01
   8.4130000e-01
   8.4630000e-01
   8.7870000e-01
   9.1120000e-01
   8.3130000e-01
   8.8750000e-01
   9.4360000e-01
   1.0072000e+00
   1.0708000e+00
   1.0147000e+00
   9.5850000e-01
   1.0221000e+00
   1.0857000e+00
   9.9970000e-01
   9.1360000e-01
   1.0034000e+00
   1.0932000e+00
   1.1830000e+00
   1.2728000e+00
   1.3140000e+00
   1.3551000e+00
   1.2728000e+00
   1.1905000e+00
   1.2129000e+00
   1.2354000e+00
   1.0708000e+00
   9.0620000e-01
   1.0221000e+00
   1.1381000e+00
   1.0109000e+00
   8.8370000e-01
   9.3610000e-01
   9.8850000e-01
   9.8470000e-01
   9.8100000e-01
   9.0990000e-01
   8.3880000e-01
   9.1740000e-01
   9.9600000e-01
   1.0109000e+00
   1.0259000e+00
   1.0296000e+00
   1.0334000e+00
   1.0184000e+00
   1.0034000e+00
   9.2860000e-01
   8.5380000e-01
   9.5480000e-01
   1.0558000e+00
   1.1045000e+00
   1.1531000e+00
   1.1232000e+00
   1.0932000e+00
   1.1082000e+00
   1.1232000e+00
   1.1531000e+00
   1.1830000e+00
   1.2167000e+00
   1.2504000e+00
   1.1606000e+00
   1.0708000e+00
   9.8850000e-01
   9.0620000e-01
   9.2110000e-01
   9.3610000e-01
   8.9120000e-01
   8.4630000e-01
   9.1360000e-01
   9.8100000e-01
   9.2110000e-01
   8.6130000e-01
   8.3130000e-01
   8.0140000e-01
   8.7620000e-01
   9.5110000e-01
   8.9120000e-01
   8.2390000e-01
   7.7150000e-01
   7.1910000e-01
   7.2660000e-01
   7.3410000e-01
   8.4260000e-01
   9.5110000e-01
   9.1360000e-01
   8.7620000e-01
   9.7720000e-01
   1.0783000e+00
   1.0783000e+00
   1.0783000e+00
   1.0446000e+00
   1.0109000e+00
   1.1643000e+00
   1.3177000e+00
   1.3177000e+00
   1.3177000e+00
   1.2803000e+00
   1.2429000e+00
   1.2541000e+00
   1.2653000e+00
   1.1942000e+00
   1.1232000e+00
   1.0446000e+00
   9.6600000e-01
   9.6600000e-01
   9.6600000e-01
   9.5480000e-01
   9.4360000e-01
   9.3610000e-01
   9.2860000e-01
   8.9870000e-01
   8.6880000e-01
   9.1360000e-01
   9.5850000e-01
   9.0620000e-01
   8.5380000e-01
   9.5110000e-01
   1.0483000e+00
   8.8750000e-01
   7.2660000e-01
   8.9490000e-01
   1.0633000e+00
   1.0147000e+00
   9.6600000e-01
   1.0558000e+00
   1.1456000e+00
   1.2055000e+00
   1.2653000e+00
   1.2429000e+00
   1.2204000e+00
   1.1755000e+00
   1.1306000e+00
   1.1306000e+00
   1.1306000e+00
   1.1082000e+00
   1.0857000e+00
   1.0633000e+00
   1.0408000e+00
   9.6230000e-01
   8.8370000e-01
   8.9870000e-01
   9.1360000e-01
   9.3240000e-01
   9.5110000e-01
   8.5380000e-01
   7.5650000e-01
   8.2390000e-01
   8.9120000e-01
   8.5750000e-01
   9.4360000e-01
   9.5110000e-01
   7.6400000e-01
   7.4150000e-01
   1.0184000e+00
   8.2390000e-01
   9.2110000e-01
   8.8370000e-01
   8.2390000e-01
   8.5380000e-01
   8.4630000e-01
   1.1905000e+00
   1.1531000e+00
   1.1082000e+00
   1.1681000e+00
   1.0334000e+00
   1.2504000e+00
   1.3327000e+00
   1.1232000e+00
   1.3850000e+00
   9.7350000e-01
   9.0620000e-01
   8.4630000e-01
   9.9600000e-01
   9.5110000e-01
   9.5850000e-01
   8.3130000e-01
   7.4900000e-01
   8.6130000e-01
   9.6600000e-01
   9.6600000e-01
   1.0558000e+00
   9.8850000e-01
   1.0184000e+00
   1.0483000e+00
   9.8850000e-01
   1.0633000e+00
   9.9600000e-01
   7.9390000e-01
   7.8640000e-01
   8.6880000e-01
   9.2860000e-01
   9.9600000e-01
   8.9120000e-01
   1.1232000e+00
   9.3610000e-01
   1.0558000e+00
   1.0034000e+00
   1.3402000e+00
   1.0932000e+00
   1.2429000e+00
   1.2878000e+00
   1.3327000e+00
   1.1606000e+00
   1.1755000e+00
   1.3327000e+00
   1.0184000e+00
   1.0034000e+00
   9.6600000e-01
   9.9600000e-01
   9.5850000e-01
   9.5850000e-01
   7.8640000e-01
   8.0890000e-01
   8.8370000e-01
   9.1360000e-01
   9.0620000e-01
   8.3880000e-01
   8.9870000e-01
   9.1360000e-01
   8.6130000e-01
   8.9870000e-01
   6.2930000e-01
   8.3880000e-01
   1.0408000e+00
   1.0034000e+00
   8.3130000e-01
   9.9600000e-01
   8.5380000e-01
   8.0140000e-01
   8.5380000e-01
   8.6130000e-01
   9.4360000e-01
   1.0259000e+00
   1.0483000e+00
   1.1531000e+00
   1.1980000e+00
   1.0334000e+00
   1.1381000e+00
   1.1755000e+00
   1.0857000e+00
   9.3610000e-01
   1.1681000e+00
   9.9600000e-01
   9.5850000e-01
   9.8850000e-01
   8.6880000e-01
   8.7620000e-01
   8.5380000e-01
   9.3610000e-01
   8.7620000e-01
   9.3610000e-01
   1.0558000e+00
   9.9600000e-01
   8.4630000e-01
   9.7350000e-01
   1.0558000e+00
   8.5380000e-01
   8.7620000e-01
   1.1381000e+00
   9.7350000e-01
   1.0857000e+00
   9.4360000e-01
   1.0034000e+00
   1.0184000e+00
   9.5850000e-01
   9.7350000e-01
   8.4630000e-01
   8.6130000e-01
   9.9600000e-01
   1.0184000e+00
   8.4630000e-01
   1.1232000e+00
   9.8100000e-01
   1.1082000e+00
   1.2204000e+00
   1.2653000e+00
   1.0259000e+00
   1.2129000e+00
   1.0857000e+00
   1.1306000e+00
   8.3130000e-01
   8.5380000e-01
   7.1160000e-01
   7.5650000e-01
   1.0483000e+00
   9.9600000e-01
   9.8100000e-01
   8.3130000e-01
   9.5110000e-01
   9.8100000e-01
   9.4360000e-01
   9.5110000e-01
   8.7620000e-01
   9.2860000e-01
   1.1606000e+00
   9.9600000e-01
   9.9600000e-01
   9.4360000e-01
   1.0783000e+00
   1.0633000e+00
   7.6400000e-01
   8.6130000e-01
   9.3610000e-01
   8.7620000e-01
   7.7900000e-01
   8.9870000e-01
   8.9870000e-01
   1.1306000e+00
   1.1082000e+00
   1.1157000e+00
   1.2204000e+00
   9.3610000e-01
   1.1755000e+00
   1.0334000e+00
   1.0408000e+00
   9.8100000e-01
   1.0034000e+00
   9.8850000e-01
   7.2660000e-01
   9.3610000e-01
   9.5850000e-01
   1.0708000e+00
   9.6600000e-01
   9.1360000e-01
   9.2110000e-01
   1.0708000e+00
   1.1232000e+00
   1.0857000e+00
   1.1980000e+00
   1.0783000e+00
   1.0034000e+00
   9.7350000e-01
   1.1531000e+00
   9.3610000e-01
   9.1360000e-01
   8.9120000e-01
   7.3410000e-01
   8.0140000e-01
   1.0259000e+00
   1.0334000e+00
   1.0783000e+00
   9.2860000e-01
   1.0783000e+00
   1.0184000e+00
   1.1082000e+00
   1.1381000e+00
   1.3027000e+00
   1.3027000e+00
   1.0558000e+00
   1.0857000e+00
   9.0620000e-01
   8.5380000e-01
   9.6600000e-01
   8.2390000e-01
   8.0140000e-01
   8.1640000e-01
   8.9870000e-01
   8.1640000e-01
   9.4360000e-01
   7.7900000e-01
   8.9120000e-01
   1.0708000e+00
   9.0620000e-01
   1.0259000e+00
   9.4360000e-01
   9.4360000e-01
   9.5110000e-01
   1.1157000e+00
   1.1905000e+00
   8.3880000e-01
   8.6880000e-01
   8.8370000e-01
   1.0109000e+00
   9.9600000e-01
   8.2390000e-01
   7.8640000e-01
   8.3880000e-01
   7.7900000e-01
   7.6400000e-01
   9.3610000e-01
   1.1980000e+00
   1.0857000e+00
   9.9600000e-01
   1.2055000e+00
   1.2055000e+00
   1.0783000e+00
   9.9600000e-01
   1.0334000e+00
   9.8100000e-01
   8.9120000e-01
   9.6600000e-01
   8.1640000e-01
   9.3610000e-01
   1.1381000e+00
   9.4360000e-01
   1.0857000e+00
   1.0259000e+00
   1.1007000e+00
   1.2504000e+00
   1.4449000e+00
   1.1007000e+00
   1.1905000e+00
   1.2429000e+00
   1.1830000e+00
   1.3701000e+00
   1.1306000e+00
   1.0334000e+00
   8.9870000e-01
   1.1157000e+00
   9.8100000e-01
   9.3610000e-01
   7.9390000e-01
   8.0890000e-01
   9.2110000e-01
   9.0620000e-01
   1.0708000e+00
   1.0932000e+00
   1.0109000e+00
   1.0483000e+00
   1.1980000e+00
   1.0408000e+00
   8.1640000e-01
   1.0857000e+00
   1.0783000e+00
   9.3610000e-01
   7.0410000e-01
   7.4900000e-01
   7.7150000e-01
   9.2110000e-01
   9.0620000e-01
   1.0857000e+00
   1.1007000e+00
   1.0408000e+00
   1.0034000e+00
   1.1007000e+00
   9.8100000e-01
   1.0558000e+00
   1.0932000e+00
   1.1456000e+00
   1.0558000e+00
   1.0857000e+00
   8.0140000e-01
   8.7620000e-01
   8.9120000e-01
   9.8850000e-01
   1.0857000e+00
   8.6130000e-01
   8.8370000e-01
   9.2110000e-01
   9.6600000e-01
   1.0334000e+00
   8.6130000e-01
   1.1606000e+00
   1.2578000e+00
   1.0633000e+00
   1.1082000e+00
   1.1381000e+00
   1.1232000e+00
   1.2055000e+00
   8.3880000e-01
   8.0140000e-01
   1.0708000e+00
   8.6880000e-01
   1.0109000e+00
   9.5850000e-01
   1.0558000e+00
   9.8850000e-01
   1.2578000e+00
   1.1980000e+00
   1.3626000e+00
   1.3776000e+00
   1.2129000e+00
   1.2279000e+00
   1.1306000e+00
   1.1830000e+00
   1.2429000e+00
   1.4599000e+00
   1.1681000e+00
   1.0334000e+00
   9.2110000e-01
   1.2878000e+00
   1.0932000e+00
   8.3130000e-01
   8.0890000e-01
   9.1360000e-01
   1.0184000e+00
   1.0408000e+00
   1.0259000e+00
   1.1681000e+00
   1.2878000e+00
   1.0558000e+00
   1.0259000e+00
   1.0408000e+00
   1.0483000e+00
   1.0708000e+00
   8.7620000e-01
   8.0890000e-01
   8.6880000e-01
   1.0184000e+00
   7.9390000e-01
   1.0259000e+00
   1.0259000e+00
   1.1755000e+00
   9.2110000e-01
   1.0109000e+00
   9.8850000e-01
   1.2354000e+00
   1.3027000e+00
   1.2354000e+00
   1.2803000e+00
   9.2860000e-01
   1.2204000e+00
   1.2129000e+00
   1.2953000e+00
   1.1681000e+00
   1.2429000e+00
   8.9120000e-01
   9.0620000e-01
   9.6600000e-01
   8.2390000e-01
   8.3880000e-01
   8.2390000e-01
   8.8370000e-01
   8.9120000e-01
   9.8100000e-01
   9.8100000e-01
   1.0857000e+00
   1.1905000e+00
   1.0932000e+00
   1.1980000e+00
   9.2860000e-01
   1.0259000e+00
   7.7150000e-01
   8.0140000e-01
   9.2860000e-01
   9.6600000e-01
   8.9120000e-01
   9.3610000e-01
   9.9600000e-01
   1.4674000e+00
   1.1830000e+00
   1.3476000e+00
   1.3776000e+00
   1.0857000e+00
   1.2878000e+00
   1.2279000e+00
   1.1606000e+00
   1.1456000e+00
   1.0932000e+00
   1.2354000e+00
   1.2803000e+00
   1.2129000e+00
   9.0620000e-01
   8.6880000e-01
   8.6130000e-01
   8.3880000e-01
   8.6880000e-01
   8.3130000e-01
   9.8850000e-01
   1.1606000e+00
   8.8370000e-01
   1.1306000e+00
   1.2953000e+00
   1.1681000e+00
   1.2578000e+00
   1.1531000e+00
   1.0932000e+00
   9.6600000e-01
   8.6130000e-01
   9.7350000e-01
   8.4630000e-01
   9.5850000e-01
   7.7150000e-01
   9.9600000e-01
   9.3610000e-01
   1.1082000e+00
   1.2878000e+00
   1.1232000e+00
   1.1007000e+00
   1.3402000e+00
   1.2129000e+00
   1.2129000e+00
   1.1232000e+00
   1.3551000e+00
   9.6600000e-01
   1.1381000e+00
   1.0932000e+00
   1.0633000e+00
   8.6130000e-01
   1.0932000e+00
   8.3130000e-01
   8.0140000e-01
   6.3680000e-01
   8.0140000e-01
   9.8850000e-01
   1.1681000e+00
   9.9600000e-01
   1.1007000e+00
   1.1755000e+00
   1.0783000e+00
   1.2578000e+00
   9.5850000e-01
   8.1640000e-01
   1.0783000e+00
   7.7150000e-01
   7.7900000e-01
   8.0890000e-01
   1.0184000e+00
   1.0857000e+00
   1.0034000e+00
   1.2279000e+00
   1.2953000e+00
   1.1681000e+00
   1.1456000e+00
   1.2279000e+00
   9.0620000e-01
   1.0259000e+00
   1.1531000e+00
   1.0558000e+00
   1.0783000e+00
   1.2878000e+00
   1.1082000e+00
   1.2354000e+00
   1.2653000e+00
   1.0483000e+00
   9.5850000e-01
   8.0890000e-01
   7.9390000e-01
   8.6880000e-01
   8.5380000e-01
   9.8100000e-01
   9.6600000e-01
   1.1681000e+00
   1.1082000e+00
   1.0034000e+00
   1.0633000e+00
   1.0259000e+00
   9.8100000e-01
   9.7350000e-01
   8.6130000e-01
   9.5110000e-01
   9.0620000e-01
   8.4630000e-01
   8.8370000e-01
   1.0034000e+00
   1.1232000e+00
   1.0184000e+00
   1.2878000e+00
   1.1157000e+00
   1.1755000e+00
   1.0633000e+00
   1.0259000e+00
   1.1606000e+00
   8.3130000e-01
   9.2110000e-01
   9.2110000e-01
   1.0633000e+00
   1.2578000e+00
   1.2653000e+00
   1.2354000e+00
   1.2204000e+00
   8.9870000e-01
   9.1360000e-01
   9.2110000e-01
   8.0890000e-01
   8.2390000e-01
   6.2930000e-01
   8.6880000e-01
   1.0857000e+00
   1.0783000e+00
   9.8850000e-01
   9.8850000e-01
   1.1606000e+00
   9.8100000e-01
   9.8850000e-01
   9.5850000e-01
   9.3610000e-01
   8.9870000e-01
   8.8370000e-01
   9.4360000e-01
   9.5850000e-01
   1.0708000e+00
   1.1606000e+00
   1.3776000e+00
   1.1980000e+00
   1.2129000e+00
   9.3610000e-01
   1.0633000e+00
   9.1360000e-01
   1.1531000e+00
   1.1157000e+00
   7.0410000e-01
   1.1830000e+00
   1.1381000e+00
   1.0932000e+00
   1.1306000e+00
   1.1306000e+00
   1.1531000e+00
   1.0408000e+00
   7.7900000e-01
   1.0558000e+00
   9.1360000e-01
   9.4360000e-01
   9.6600000e-01
   7.9390000e-01
   1.1755000e+00
   1.0408000e+00
   1.1007000e+00
   9.3610000e-01
   9.9600000e-01
   9.6600000e-01
   8.9120000e-01
   8.0890000e-01
   7.6400000e-01
   8.9120000e-01
   8.2390000e-01
   1.0259000e+00
   9.3610000e-01
   9.8100000e-01
   1.0259000e+00
   1.1007000e+00
   9.6600000e-01
   1.1306000e+00
   8.4630000e-01
   9.4360000e-01
   5.5450000e-01
   8.0890000e-01
   9.8100000e-01
   9.2860000e-01
   1.3327000e+00
   1.2878000e+00
   1.1755000e+00
   1.1082000e+00
   8.3880000e-01
   8.6130000e-01
   8.8370000e-01
   7.0410000e-01
   1.0558000e+00
   7.1160000e-01
   1.0483000e+00
   9.7350000e-01
   1.2129000e+00
   1.2578000e+00
   1.1830000e+00
   1.1306000e+00
   1.0483000e+00
   9.4360000e-01
   9.5850000e-01
   8.7620000e-01
   9.0620000e-01
   1.0483000e+00
   1.0783000e+00
   1.0558000e+00
   1.1007000e+00
   1.1306000e+00
   1.0483000e+00
   1.2728000e+00
   9.8850000e-01
   9.7350000e-01
   1.0109000e+00
   8.0890000e-01
   8.7620000e-01
   9.6600000e-01
   8.9870000e-01
   1.0783000e+00
   1.2129000e+00
   1.0783000e+00
   1.0633000e+00
   1.2204000e+00
   9.9600000e-01
   9.0620000e-01
   8.5380000e-01
   8.2390000e-01
   7.7150000e-01
   9.3610000e-01
   8.5380000e-01
   1.0857000e+00
   1.1681000e+00
   1.1456000e+00
   1.1830000e+00
   1.0334000e+00
   9.5110000e-01
   8.3880000e-01
   1.0034000e+00
   6.9670000e-01
   7.9390000e-01
   1.0558000e+00
   9.3610000e-01
   8.0140000e-01
   1.1381000e+00
   1.2204000e+00
   1.1007000e+00
   9.6600000e-01
   1.0109000e+00
   7.5650000e-01
   8.1640000e-01
   7.1910000e-01
   5.3200000e-01
   7.4150000e-01
   7.7150000e-01
   9.5110000e-01
   1.0932000e+00
   1.0408000e+00
   1.1232000e+00
   9.8100000e-01
   9.5850000e-01
   1.0334000e+00
   8.6130000e-01
   8.6130000e-01
   8.0140000e-01
   8.6130000e-01
   1.0483000e+00
   1.0708000e+00
   1.2728000e+00
   1.0857000e+00
   1.1606000e+00
   1.1157000e+00
   1.2504000e+00
   1.1306000e+00
   9.2110000e-01
   9.5110000e-01
   7.4900000e-01
   1.0109000e+00
   1.0483000e+00
   1.0334000e+00
   1.2055000e+00
   1.1830000e+00
   1.2953000e+00
   1.2279000e+00
   1.0334000e+00
   9.5850000e-01
   7.4900000e-01
   8.3880000e-01
   6.3680000e-01
   7.3410000e-01
   7.7900000e-01
   8.7620000e-01
   9.2110000e-01
   1.1306000e+00
   1.0932000e+00
   1.1905000e+00
   1.1157000e+00
   1.1157000e+00
   9.5850000e-01
   9.8850000e-01
   8.8370000e-01
   9.5110000e-01
   1.0483000e+00
   9.4360000e-01
   1.1232000e+00
   1.0857000e+00
   1.1531000e+00
   1.1830000e+00
   1.0334000e+00
   9.6600000e-01
   6.8170000e-01
   9.8100000e-01
   8.9870000e-01
   7.1910000e-01
   1.0857000e+00
   9.7350000e-01
   1.0259000e+00
   1.2578000e+00
   1.2129000e+00
   1.2279000e+00
   9.1360000e-01
   7.8640000e-01
   9.0620000e-01
   7.3410000e-01
   5.0210000e-01
   6.5180000e-01
   7.9390000e-01
   9.2860000e-01
   1.0334000e+00
   1.4299000e+00
   1.0708000e+00
   1.0558000e+00
   1.0408000e+00
   1.0857000e+00
   8.9870000e-01
   7.8640000e-01
   7.6400000e-01
   9.5110000e-01
   9.1360000e-01
   1.1381000e+00
   1.3551000e+00
   1.1606000e+00
   1.0783000e+00
   1.1531000e+00
   1.0334000e+00
   7.6400000e-01
   8.6880000e-01
   7.3410000e-01
   1.0034000e+00
   9.1360000e-01
   1.0259000e+00
   1.1007000e+00
   1.2878000e+00
   1.1381000e+00
   9.9600000e-01
   1.0259000e+00
   8.1640000e-01
   7.2660000e-01
   6.1430000e-01
   6.2180000e-01
   5.9190000e-01
   7.1910000e-01
   6.8920000e-01
   8.3880000e-01
   1.0259000e+00
   1.2055000e+00
   1.1755000e+00
   1.1381000e+00
   1.2953000e+00
   8.5380000e-01
   8.0890000e-01
   8.8370000e-01
   8.7620000e-01
   9.2110000e-01
   1.0932000e+00
   9.0620000e-01
   1.1381000e+00
   1.1830000e+00
   1.0633000e+00
   1.0408000e+00
   9.6600000e-01
   1.0184000e+00
   8.3130000e-01
   9.5110000e-01
   7.2660000e-01
   9.5850000e-01
   8.6880000e-01
   8.4630000e-01
   1.0034000e+00
   1.0259000e+00
   1.0334000e+00
   9.5110000e-01
   8.4630000e-01
   7.8640000e-01
   5.5450000e-01
   4.9460000e-01
   5.2460000e-01
   6.2180000e-01
   4.9460000e-01
   6.4430000e-01
   9.2860000e-01
   8.4630000e-01
   1.2354000e+00
   1.1456000e+00
   1.1232000e+00
   1.2354000e+00
   8.9120000e-01
   7.3410000e-01
   8.7620000e-01
   8.8370000e-01
   6.0690000e-01
   9.7350000e-01
   1.0259000e+00
   1.2504000e+00
   1.0483000e+00
   1.1082000e+00
   1.1007000e+00
   9.8100000e-01
   8.5380000e-01
   8.4630000e-01
   8.3880000e-01
   8.5380000e-01
   8.5380000e-01
   1.0034000e+00
   1.0783000e+00
   1.2429000e+00
   1.2129000e+00
   9.8850000e-01
   9.8850000e-01
   7.9390000e-01
   6.0690000e-01
   5.6200000e-01
   5.3950000e-01
   5.7690000e-01
   5.6940000e-01
   7.7900000e-01
   1.0408000e+00
   9.2860000e-01
   1.0633000e+00
   1.2578000e+00
   9.7350000e-01
   1.0259000e+00
   9.0620000e-01
   7.2660000e-01
   8.3880000e-01
   8.9120000e-01
   7.1160000e-01
   9.2110000e-01
   9.7350000e-01
   1.1232000e+00
   1.0932000e+00
   1.0857000e+00
   1.0259000e+00
   6.5920000e-01
   8.6130000e-01
   8.0890000e-01
   8.7620000e-01
   6.5180000e-01
   8.3880000e-01
   9.8850000e-01
   1.0334000e+00
   1.2055000e+00
   1.0932000e+00
   9.8100000e-01
   9.4360000e-01
   7.9390000e-01
   6.6670000e-01
   5.3950000e-01
