   1.2458859e+00
   1.0868762e+00
   1.4661542e+00
   1.0415219e+00
   8.2316681e-01
   1.7931482e+00
   5.3889890e-01
   1.0833090e+00
   1.1624313e+00
   9.8950073e-01
   6.0863196e-01
   1.3308499e+00
   1.0714935e+00
   9.3231913e-01
   1.1209996e+00
   9.1360832e-01
   8.2134558e-01
   9.4214092e-01
   1.4005865e+00
   1.2060231e+00
   8.7048435e-01
   8.7412792e-01
   9.4958812e-01
   8.6997795e-01
   1.2650754e+00
   8.9466423e-01
   8.4618582e-01
   1.0554434e+00
   6.2858998e-01
   1.2419468e+00
   8.0103529e-01
   6.6402356e-01
   5.6336181e-01
   3.8588158e-01
   1.2356276e+00
   1.4816880e+00
   2.4786721e-01
   6.6135366e-01
  -4.8395232e-15
   7.1104427e-01
   7.3423826e-01
   8.8506194e-01
   1.0688086e+00
   5.1634658e-01
   7.5751049e-01
   6.8073994e-01
   1.3865246e+00
   6.7845009e-01
   1.1806846e+00
   1.3010352e+00
   9.4651152e-01
   1.5077591e+00
   8.1762253e-01
   8.9698989e-01
   1.1285617e+00
   7.3103069e-01
   7.1413106e-01
   1.1876622e+00
   1.1079950e+00
   1.0252690e+00
   7.6309480e-01
   8.6078432e-01
   5.7081351e-01
   1.5490678e+00
   9.0247811e-01
   5.7304802e-01
   5.7410127e-01
   1.1077001e+00
   1.1780938e+00
   7.6033703e-01
   1.4472108e+00
   1.1390975e+00
   6.9964513e-01
   6.6651770e-01
   1.3621586e+00
   1.7820857e+00
   6.0478614e-01
   7.6212898e-01
   7.9677052e-01
   1.8516167e+00
   1.1853553e+00
   8.1625828e-01
   1.2405113e+00
   8.2338792e-01
   1.1126062e+00
   1.4752056e+00
   1.0537513e+00
   1.4345225e+00
   8.4598705e-01
   1.4200810e+00
   7.5847829e-01
   1.0650201e+00
   6.5733985e-01
   1.1548129e+00
   1.4029204e+00
   7.6668132e-01
   1.3086314e+00
  -5.0206524e-16
   7.7753930e-01
   1.4593902e+00
   1.4044393e+00
   1.5437038e+00
   1.1926581e+00
   1.4596164e+00
   9.8206143e-01
   1.8825128e+00
   1.1750438e+00
   1.2010098e+00
   7.4321815e-01
   1.6032449e+00
  -6.3998997e-16
   1.1719484e+00
   1.1563238e+00
   1.4379204e+00
   7.3708993e-01
   9.8881497e-01
   1.2454774e+00
   2.9183803e-01
   1.4997786e+00
   8.1203127e-01
   1.0497686e+00
   6.5700831e-01
   2.1636726e+00
   1.3229595e+00
   9.3198023e-01
   1.5184408e+00
   1.0611592e+00
   1.3384656e-02
   9.6116067e-01
   1.1439413e+00
   1.1062777e+00
   1.0979754e+00
   1.0440680e+00
   3.5365414e-01
   1.1950790e+00
   1.1582201e+00
   1.7559338e-01
   1.5061099e+00
   1.1483187e+00
   6.6730299e-01
   1.1319130e+00
   1.5433316e+00
   4.1666101e-01
   5.9756120e-01
   4.5282278e-01
   1.8224498e-16
   6.4207757e-01
   1.2960227e+00
   1.0932655e+00
   1.3448766e+00
   8.1446270e-01
   1.4986983e+00
   9.1102400e-01
   5.4453277e-01
   6.8260161e-01
   2.8692129e-01
   6.6788029e-01
   4.1380957e-01
   1.0942620e+00
   7.1502692e-01
   1.2488471e+00
   7.9998311e-01
   9.7212159e-01
   7.7578012e-01
   1.1466514e+00
   5.6772798e-01
   9.4072365e-02
   3.2544608e-01
   6.9204594e-01
   7.8936390e-01
   1.3121214e+00
   1.6476867e+00
   1.8502772e+00
   4.4327505e-01
   1.3566001e+00
   1.5212344e+00
   8.2714043e-01
   1.0330206e+00
   1.2703271e+00
   9.6881630e-01
   9.8175859e-01
   1.2538300e+00
   8.0436168e-01
   5.3813507e-01
   1.0922805e+00
   6.2865533e-01
   1.1316652e+00
   1.1336569e+00
   6.6746263e-01
   1.0909591e+00
   6.2853693e-01
   1.0600827e+00
   1.4290739e+00
   9.1351794e-01
   9.6540544e-01
   9.9323952e-01
   1.0851090e+00
   1.1935707e+00
   2.7653100e-01
   1.9168555e+00
   9.4353547e-01
   1.8328664e+00
   1.0524772e+00
   2.8371665e-01
   5.7345845e-01
   3.3139702e-01
   3.6668306e-01
   1.3639111e+00
   1.4578287e+00
   9.7283349e-01
   1.3295019e+00
   1.6518627e+00
   1.1386379e+00
   1.8103371e+00
   1.0384295e-01
   4.7231207e-01
   2.7900984e-01
   1.3784724e+00
   4.7659935e-01
   7.4262110e-01
   7.2165764e-01
   1.0905603e+00
   8.8104557e-01
   1.1693751e+00
   1.2900734e+00
   1.5722030e+00
   1.1029773e+00
   6.2296546e-01
   2.3773657e+00
   1.6284541e+00
   9.3416086e-01
   1.2142754e+00
   1.3349845e+00
   1.2210532e+00
   8.1541087e-01
   9.3166718e-01
   1.4394474e+00
   1.4620683e+00
   3.3548230e-01
   1.2040534e+00
  -1.9140197e-15
   1.5603598e+00
   3.6348688e-01
   1.0092471e+00
   1.6913957e+00
   1.4422264e+00
   1.6303448e+00
   4.2728725e-01
   1.9562181e+00
   2.0640613e+00
   6.8058814e-01
   1.0868712e+00
   1.5709319e+00
   1.1308811e+00
   2.0640613e+00
   1.3349845e+00
  -1.9140197e-15
   1.1308811e+00
   1.2210532e+00
   1.0092471e+00
   1.1386379e+00
   1.0600827e+00
   4.7659935e-01
   3.6348688e-01
   1.5603598e+00
   6.2853693e-01
   1.0909591e+00
   6.8058814e-01
   1.0868712e+00
   1.6476867e+00
   1.3121214e+00
   1.3639111e+00
   1.6518627e+00
   6.2296546e-01
   9.7212159e-01
   5.6772798e-01
   1.2040534e+00
   9.6881630e-01
   1.2960227e+00
   1.1316652e+00
   1.1029773e+00
   1.2488471e+00
   7.9998311e-01
   9.3166718e-01
   1.0524772e+00
   3.3139702e-01
   7.8936390e-01
   1.1466514e+00
   1.9562181e+00
   6.8058814e-01
   1.0922805e+00
   6.2865533e-01
   9.3416086e-01
   8.1541087e-01
   2.7900984e-01
   9.9323952e-01
   4.7231207e-01
   3.3548230e-01
   1.4620683e+00
   1.1308811e+00
   4.2728725e-01
   1.6303448e+00
   1.5709319e+00
   2.3773657e+00
   4.2728725e-01
   8.8104557e-01
   1.1693751e+00
   9.3166718e-01
   1.6913957e+00
   1.2900734e+00
   6.2296546e-01
   7.2165764e-01
   1.0905603e+00
  -1.9140197e-15
   1.4394474e+00
   5.7345845e-01
   6.6746263e-01
   1.3784724e+00
   2.7653100e-01
   2.8371665e-01
   4.4327505e-01
   8.2714043e-01
   1.0851090e+00
   1.4290739e+00
   9.7283349e-01
   1.2142754e+00
   1.6303448e+00
   1.2040534e+00
   1.4422264e+00
   1.5722030e+00
   1.1029773e+00
   1.3349845e+00
   1.6284541e+00
   8.0436168e-01
   1.2538300e+00
   1.8502772e+00
   1.2703271e+00
   1.0868712e+00
   1.5709319e+00
   2.0640613e+00
   1.9562181e+00
   7.7578012e-01
   9.4072365e-02
   8.1446270e-01
   9.1102400e-01
   1.0932655e+00
   1.0942620e+00
   1.8103371e+00
   1.3295019e+00
   1.1935707e+00
   1.9168555e+00
   1.6913957e+00
   3.2544608e-01
   1.4394474e+00
   6.8260161e-01
   1.3448766e+00
   2.3773657e+00
   6.6788029e-01
   1.2900734e+00
   9.6540544e-01
   6.4207757e-01
   1.1336569e+00
   1.8224498e-16
   1.3566001e+00
   1.5212344e+00
   1.4422264e+00
   6.9204594e-01
   1.6284541e+00
   2.8692129e-01
   1.4986983e+00
   1.2142754e+00
   4.1380957e-01
   1.5722030e+00
   7.4262110e-01
   1.4578287e+00
   1.8328664e+00
   9.4353547e-01
   7.1502692e-01
   5.4453277e-01
   1.5709319e+00
   1.9562181e+00
   1.0868712e+00
   2.0640613e+00
   9.1351794e-01
   5.3813507e-01
   1.0330206e+00
   9.8175859e-01
   1.4620683e+00
   9.3416086e-01
   1.5603598e+00
   1.2210532e+00
   1.0384295e-01
   3.6668306e-01
   8.1541087e-01
   3.3548230e-01
   1.0092471e+00
   3.6348688e-01
   6.8058814e-01
   1.1308811e+00
