   8.9680000e-01
   9.0130000e-01
   9.1360000e-01
   9.2590000e-01
   9.3820000e-01
   9.5050000e-01
   9.6290000e-01
   9.7520000e-01
   9.7070000e-01
   9.6620000e-01
   9.6170000e-01
   9.5730000e-01
   9.5280000e-01
   9.4830000e-01
   9.4270000e-01
   9.3710000e-01
   9.3150000e-01
   9.2590000e-01
   9.2030000e-01
   9.1470000e-01
   9.2480000e-01
   9.3490000e-01
   9.4490000e-01
   9.5500000e-01
   9.6510000e-01
   9.7520000e-01
   9.8530000e-01
   9.9530000e-01
   1.0054000e+00
   1.0155000e+00
   1.0256000e+00
   1.0357000e+00
   1.0177000e+00
   9.9980000e-01
   9.8190000e-01
   9.6400000e-01
   9.4610000e-01
   9.2810000e-01
   9.3370000e-01
   9.3930000e-01
   9.4490000e-01
   9.5050000e-01
   9.5610000e-01
   9.6170000e-01
   9.4940000e-01
   9.3710000e-01
   9.2480000e-01
   9.1250000e-01
   9.0010000e-01
   8.8780000e-01
   8.7100000e-01
   8.5420000e-01
   8.3740000e-01
   8.2060000e-01
   8.0380000e-01
   7.8700000e-01
   8.2400000e-01
   8.6090000e-01
   8.9790000e-01
   9.3490000e-01
   9.7180000e-01
   1.0088000e+00
   9.9420000e-01
   9.7970000e-01
   9.6510000e-01
   9.5050000e-01
   9.3600000e-01
   9.2140000e-01
   9.1810000e-01
   9.1470000e-01
   9.1130000e-01
   9.0800000e-01
   9.0460000e-01
   1.0289000e+00
   1.0379000e+00
   1.0469000e+00
   1.0558000e+00
   1.0648000e+00
   1.0738000e+00
   1.0827000e+00
   1.0480000e+00
   1.0133000e+00
   9.7850000e-01
   9.4380000e-01
   9.0910000e-01
   8.7440000e-01
   8.9230000e-01
   9.1020000e-01
   9.2810000e-01
   9.4610000e-01
   9.6400000e-01
   9.8190000e-01
   9.9310000e-01
   1.0043000e+00
   1.0155000e+00
   1.0267000e+00
   1.0379000e+00
   1.0491000e+00
   1.0749000e+00
   1.1006000e+00
   1.1264000e+00
   1.1522000e+00
   1.1779000e+00
   1.2037000e+00
   1.1499000e+00
   1.0962000e+00
   1.0424000e+00
   9.8860000e-01
   9.3490000e-01
   8.8110000e-01
   9.0350000e-01
   9.2590000e-01
   9.4830000e-01
   9.7070000e-01
   9.9310000e-01
   1.0155000e+00
   1.0009000e+00
   9.8640000e-01
   9.7180000e-01
   9.5730000e-01
   9.4270000e-01
   9.2810000e-01
   9.4940000e-01
   9.7070000e-01
   9.9200000e-01
   1.0133000e+00
   1.0346000e+00
   1.0558000e+00
   1.0424000e+00
   1.0289000e+00
   1.0155000e+00
   1.0021000e+00
   9.8860000e-01
   9.7520000e-01
   9.7070000e-01
   9.6620000e-01
   9.6170000e-01
   9.5730000e-01
   9.5280000e-01
   9.4830000e-01
   9.6170000e-01
   9.7520000e-01
   9.8860000e-01
   1.0021000e+00
   1.0155000e+00
   9.6850000e-01
   9.6620000e-01
   9.6400000e-01
   9.6170000e-01
   9.6170000e-01
   9.6170000e-01
   9.6170000e-01
   9.5500000e-01
   9.4830000e-01
   9.4160000e-01
   9.2140000e-01
   9.0130000e-01
   8.8110000e-01
   9.0350000e-01
   9.2590000e-01
   9.4830000e-01
   9.1470000e-01
   8.8110000e-01
   8.4750000e-01
   8.4750000e-01
   8.4750000e-01
   8.4750000e-01
   9.1920000e-01
   9.9090000e-01
   1.0626000e+00
   1.1522000e+00
   1.2418000e+00
   1.3314000e+00
   1.2373000e+00
   1.1432000e+00
   1.0491000e+00
   1.0558000e+00
   1.0626000e+00
   1.0693000e+00
   1.0200000e+00
   9.7070000e-01
   9.2140000e-01
   9.4610000e-01
   9.7070000e-01
   9.9530000e-01
   9.9090000e-01
   9.8640000e-01
   9.8190000e-01
   9.3930000e-01
   8.9680000e-01
   8.5420000e-01
   8.6090000e-01
   8.6770000e-01
   8.7440000e-01
   9.0130000e-01
   9.2810000e-01
   9.5500000e-01
   9.3490000e-01
   9.1470000e-01
   8.9450000e-01
   9.4830000e-01
   1.0021000e+00
   1.0558000e+00
   9.8190000e-01
   9.0800000e-01
   8.3410000e-01
   8.8560000e-01
   9.3710000e-01
   9.8860000e-01
   1.0357000e+00
   1.0827000e+00
   1.1298000e+00
   1.0850000e+00
   1.0402000e+00
   9.9530000e-01
   9.8640000e-01
   9.7740000e-01
   9.0130000e-01
   1.0872000e+00
   1.2731000e+00
   1.4591000e+00
   1.3762000e+00
   1.2933000e+00
   1.2104000e+00
   1.1768000e+00
   1.1432000e+00
   1.1096000e+00
   1.0446000e+00
   9.7970000e-01
   9.1470000e-01
   9.1020000e-01
   9.0570000e-01
   9.0130000e-01
   9.4610000e-01
   9.9090000e-01
   1.0357000e+00
   9.9310000e-01
   9.5050000e-01
   9.0800000e-01
   9.4610000e-01
   9.8410000e-01
   1.0222000e+00
   9.8640000e-01
   9.5050000e-01
   9.1470000e-01
   9.1250000e-01
   9.1020000e-01
   9.0800000e-01
   9.5950000e-01
   1.0110000e+00
   1.0626000e+00
   1.0827000e+00
   1.1029000e+00
   1.1230000e+00
   1.0984000e+00
   1.0738000e+00
   1.0491000e+00
   1.0939000e+00
   1.1387000e+00
   1.1835000e+00
   1.1813000e+00
   1.1790000e+00
   1.1768000e+00
   1.1141000e+00
   1.0514000e+00
   9.8860000e-01
   9.8640000e-01
   9.8410000e-01
   9.8190000e-01
   9.7740000e-01
   9.7290000e-01
   9.6850000e-01
   9.9760000e-01
   1.0267000e+00
   1.0558000e+00
   1.0289000e+00
   1.0021000e+00
   9.7520000e-01
   1.0670000e+00
   1.1589000e+00
   1.2507000e+00
   1.1611000e+00
   1.0715000e+00
   9.8190000e-01
   9.8640000e-01
   9.9090000e-01
   9.9530000e-01
   9.6400000e-01
   9.3260000e-01
   1.0626000e+00
   1.0962000e+00
   1.1298000e+00
   9.9530000e-01
   8.6090000e-01
   9.9200000e-01
   1.1230000e+00
   1.0289000e+00
   9.3490000e-01
   9.6850000e-01
   1.0021000e+00
   1.0189000e+00
   1.0357000e+00
   1.0054000e+00
   9.7520000e-01
   9.2810000e-01
   8.8110000e-01
   8.5760000e-01
   8.3410000e-01
   9.0460000e-01
   9.7520000e-01
   1.0525000e+00
   1.1298000e+00
   1.2104000e+00
   1.2911000e+00
   1.1869000e+00
   1.0827000e+00
   1.0558000e+00
   1.0289000e+00
   1.2507000e+00
   1.4725000e+00
   1.2138000e+00
   9.5500000e-01
   1.0592000e+00
   1.1634000e+00
   1.2205000e+00
   1.2776000e+00
   1.2507000e+00
   1.2238000e+00
   1.1197000e+00
   1.0155000e+00
   1.0155000e+00
   1.0155000e+00
   1.0289000e+00
   1.0424000e+00
   1.0088000e+00
   9.7520000e-01
   9.4490000e-01
   9.1470000e-01
   9.3490000e-01
   9.5500000e-01
   9.0130000e-01
   8.4750000e-01
   8.6430000e-01
   8.8110000e-01
   9.4830000e-01
   1.0155000e+00
   9.8530000e-01
   9.5500000e-01
   9.5500000e-01
   9.5500000e-01
   1.0323000e+00
   1.1096000e+00
   1.0827000e+00
   1.0558000e+00
   1.0659000e+00
   1.0760000e+00
   1.1163000e+00
   1.1566000e+00
   1.1499000e+00
   1.1432000e+00
   1.1029000e+00
   1.2238000e+00
   1.2373000e+00
   1.2507000e+00
   1.1701000e+00
   1.0894000e+00
   1.0491000e+00
   1.0088000e+00
   1.0323000e+00
   1.0558000e+00
   1.0693000e+00
   1.0827000e+00
   1.0491000e+00
   1.0155000e+00
   9.4490000e-01
   8.7440000e-01
   9.2810000e-01
   9.8190000e-01
   1.0054000e+00
   1.0289000e+00
   9.6170000e-01
   8.9450000e-01
   1.0323000e+00
   1.1701000e+00
   1.1130000e+00
   1.0558000e+00
   1.1566000e+00
   1.2575000e+00
   1.1230000e+00
   9.8860000e-01
   1.1163000e+00
   1.2440000e+00
   1.2339000e+00
   1.2238000e+00
   1.2474000e+00
   1.2709000e+00
   1.2003000e+00
   1.1298000e+00
   1.1970000e+00
   1.2642000e+00
   1.1869000e+00
   1.1096000e+00
   1.0726000e+00
   1.0357000e+00
   1.0323000e+00
   1.0289000e+00
   1.0558000e+00
   1.0827000e+00
   1.0088000e+00
   9.3490000e-01
   9.5840000e-01
   9.8190000e-01
   8.8780000e-01
   7.9370000e-01
   8.3740000e-01
   8.8110000e-01
   8.3410000e-01
   7.8700000e-01
   8.6090000e-01
   9.3490000e-01
   9.3150000e-01
   9.2810000e-01
   1.0054000e+00
   1.0827000e+00
   1.0726000e+00
   1.0626000e+00
   1.0491000e+00
   1.0357000e+00
   1.0491000e+00
   1.0626000e+00
   1.1197000e+00
   1.1768000e+00
   1.2003000e+00
   1.0222000e+00
   1.0088000e+00
   1.0760000e+00
   1.0626000e+00
   1.1163000e+00
   9.7520000e-01
   1.1499000e+00
   1.0693000e+00
   9.1470000e-01
   1.0894000e+00
   1.1365000e+00
   1.1230000e+00
   1.0827000e+00
   1.0222000e+00
   9.0130000e-01
   9.4830000e-01
   8.9450000e-01
   9.4160000e-01
   9.6850000e-01
   1.0021000e+00
   9.6850000e-01
   1.0962000e+00
   1.0558000e+00
   1.0760000e+00
   1.0894000e+00
   1.0827000e+00
   1.1432000e+00
   1.1566000e+00
   1.0693000e+00
   1.3381000e+00
   1.2978000e+00
   1.0558000e+00
   1.0894000e+00
   9.5500000e-01
   1.0289000e+00
   1.0962000e+00
   1.1566000e+00
   9.2810000e-01
   1.1566000e+00
   1.3247000e+00
   1.3314000e+00
   1.1298000e+00
   1.2911000e+00
   1.0894000e+00
   1.1970000e+00
   1.1701000e+00
   1.2776000e+00
   1.0693000e+00
   1.0424000e+00
   1.0424000e+00
   1.0021000e+00
   8.7440000e-01
   9.6170000e-01
   7.2650000e-01
   8.8110000e-01
   9.9530000e-01
   8.4080000e-01
   8.6770000e-01
   1.0088000e+00
   1.1499000e+00
   1.1701000e+00
   1.0088000e+00
   1.1365000e+00
   1.2104000e+00
   1.1835000e+00
   1.2104000e+00
   9.8860000e-01
   1.0357000e+00
   1.1566000e+00
   1.0155000e+00
   1.2238000e+00
   1.0894000e+00
   9.4830000e-01
   9.4160000e-01
   1.1029000e+00
   1.0289000e+00
   1.1365000e+00
   9.7520000e-01
   1.0222000e+00
   1.0289000e+00
   1.3381000e+00
   1.0491000e+00
   1.2306000e+00
   1.1566000e+00
   1.0558000e+00
   9.2810000e-01
   1.0760000e+00
   9.2810000e-01
   1.0424000e+00
   9.5500000e-01
   9.6170000e-01
   8.9450000e-01
   9.9530000e-01
   8.9450000e-01
   9.7520000e-01
   1.1634000e+00
   1.0021000e+00
   1.0357000e+00
   1.2440000e+00
   1.4187000e+00
   1.2575000e+00
   1.2709000e+00
   1.1970000e+00
   1.1970000e+00
   9.8860000e-01
   1.1163000e+00
   8.9450000e-01
   9.5500000e-01
   1.1029000e+00
   9.7520000e-01
   1.1902000e+00
   9.0130000e-01
   9.8190000e-01
   1.1970000e+00
   1.0222000e+00
   1.0962000e+00
   1.1298000e+00
   1.1163000e+00
   1.1634000e+00
   1.1701000e+00
   1.1701000e+00
   9.7520000e-01
   9.9530000e-01
   9.8860000e-01
   1.0289000e+00
   7.8030000e-01
   8.3410000e-01
   9.7520000e-01
   9.0800000e-01
   8.6090000e-01
   1.1566000e+00
   1.1902000e+00
   9.7520000e-01
   1.1298000e+00
   1.0491000e+00
   9.7520000e-01
   1.1768000e+00
   8.0720000e-01
   9.4830000e-01
   1.1163000e+00
   1.1029000e+00
   1.0894000e+00
   1.0088000e+00
   9.8190000e-01
   8.1390000e-01
   9.9530000e-01
   1.1029000e+00
   1.0021000e+00
   9.0800000e-01
   1.0424000e+00
   1.1298000e+00
   9.6170000e-01
   1.0693000e+00
   1.1768000e+00
   1.1029000e+00
   1.0491000e+00
   1.4725000e+00
   9.2810000e-01
   1.0760000e+00
   8.4080000e-01
   1.1365000e+00
   8.9450000e-01
   9.8860000e-01
   9.6170000e-01
   1.0894000e+00
   9.6170000e-01
   1.1634000e+00
   1.3045000e+00
   1.2843000e+00
   1.3381000e+00
   1.0424000e+00
   1.1029000e+00
   1.0827000e+00
   1.1096000e+00
   9.4830000e-01
   9.8860000e-01
   1.0357000e+00
   9.5500000e-01
   9.8860000e-01
   9.8860000e-01
   1.1096000e+00
   9.0800000e-01
   1.0894000e+00
   1.0021000e+00
   1.2104000e+00
   1.0155000e+00
   1.0558000e+00
   1.1566000e+00
   1.0894000e+00
   1.0289000e+00
   1.2440000e+00
   1.0021000e+00
   9.2810000e-01
   9.1470000e-01
   1.0626000e+00
   8.3410000e-01
   8.8780000e-01
   7.0640000e-01
   9.5500000e-01
   8.8110000e-01
   9.0130000e-01
   1.1230000e+00
   8.9450000e-01
   1.2171000e+00
   8.5420000e-01
   1.0155000e+00
   9.5500000e-01
   1.2104000e+00
   1.0424000e+00
   1.1499000e+00
   8.7440000e-01
   9.6170000e-01
   9.8190000e-01
   9.0800000e-01
   9.0800000e-01
   9.6170000e-01
   7.9370000e-01
   7.8030000e-01
   8.3410000e-01
   7.4000000e-01
   9.2810000e-01
   9.2810000e-01
   1.0894000e+00
   1.1163000e+00
   9.8190000e-01
   9.9530000e-01
   1.0289000e+00
   1.1096000e+00
   1.2373000e+00
   9.7520000e-01
   9.6170000e-01
   9.5500000e-01
   8.8110000e-01
   1.0155000e+00
   9.8190000e-01
   9.8190000e-01
   9.6170000e-01
   1.0155000e+00
   1.0827000e+00
   1.1701000e+00
   1.1634000e+00
   1.1298000e+00
   1.2171000e+00
   1.1566000e+00
   1.0558000e+00
   8.7440000e-01
   1.0962000e+00
   9.2140000e-01
   8.0720000e-01
   1.0424000e+00
   9.4160000e-01
   1.0491000e+00
   8.8110000e-01
   8.2730000e-01
   1.0962000e+00
   9.7520000e-01
   9.5500000e-01
   7.7360000e-01
   1.0155000e+00
   9.5500000e-01
   1.1163000e+00
   1.1029000e+00
   1.1096000e+00
   1.2709000e+00
   1.2104000e+00
   9.8860000e-01
   1.0021000e+00
   8.8780000e-01
   1.1230000e+00
   9.0130000e-01
   9.8190000e-01
   8.6090000e-01
   8.3410000e-01
   8.8780000e-01
   1.0626000e+00
   1.0289000e+00
   1.0626000e+00
   1.2104000e+00
   9.4160000e-01
   1.0021000e+00
   1.1566000e+00
   9.5500000e-01
   8.6770000e-01
   9.0800000e-01
   8.8780000e-01
   8.6090000e-01
   9.0130000e-01
   8.4750000e-01
   9.4830000e-01
   9.4160000e-01
   1.0827000e+00
   8.4080000e-01
   7.8030000e-01
   1.0491000e+00
   9.9530000e-01
   1.0491000e+00
   9.6850000e-01
   1.0827000e+00
   1.1499000e+00
   1.1163000e+00
   1.1163000e+00
   1.0088000e+00
   9.7520000e-01
   1.0289000e+00
   1.0088000e+00
   9.1470000e-01
   9.2810000e-01
   9.2810000e-01
   9.8190000e-01
   9.9530000e-01
   1.0491000e+00
   9.4830000e-01
   1.3314000e+00
   1.2843000e+00
   1.2171000e+00
   1.3515000e+00
   9.6170000e-01
   9.6170000e-01
   1.0693000e+00
   1.1230000e+00
   9.8190000e-01
   1.1432000e+00
   8.7440000e-01
   7.9370000e-01
   7.8700000e-01
   8.2730000e-01
   1.1096000e+00
   9.9530000e-01
   9.8860000e-01
   8.9450000e-01
   8.8780000e-01
   1.0289000e+00
   9.8860000e-01
   1.1432000e+00
   1.1432000e+00
   1.1230000e+00
   1.0962000e+00
   1.0558000e+00
   1.1499000e+00
   8.5420000e-01
   9.6170000e-01
   8.0040000e-01
   7.6680000e-01
   8.4080000e-01
   1.0357000e+00
   9.7520000e-01
   1.2037000e+00
   1.0424000e+00
   9.8860000e-01
   1.0962000e+00
   9.4830000e-01
   9.9530000e-01
   9.8190000e-01
   9.6170000e-01
   8.6770000e-01
   8.8110000e-01
   8.4080000e-01
   9.2810000e-01
   9.2810000e-01
   8.8110000e-01
   8.3410000e-01
   8.4750000e-01
   8.2730000e-01
   9.1470000e-01
   9.4160000e-01
   8.2060000e-01
   9.1470000e-01
   1.1768000e+00
   9.4830000e-01
   9.8190000e-01
   9.1470000e-01
   9.6170000e-01
   9.7520000e-01
   1.0760000e+00
   9.4160000e-01
   1.0289000e+00
   9.8860000e-01
   1.0088000e+00
   7.6680000e-01
   1.0693000e+00
   1.0424000e+00
   9.1470000e-01
   1.0693000e+00
   1.1499000e+00
   1.1163000e+00
   1.1902000e+00
   1.0894000e+00
   1.2978000e+00
   1.1029000e+00
   1.0760000e+00
   9.2810000e-01
   7.7360000e-01
   7.5340000e-01
   8.4750000e-01
   1.0693000e+00
   1.0894000e+00
   8.8780000e-01
   1.0155000e+00
   8.2060000e-01
   1.0088000e+00
   9.5500000e-01
   1.0558000e+00
   9.2810000e-01
   9.6170000e-01
   9.3490000e-01
   1.0558000e+00
   1.0693000e+00
   1.1902000e+00
   1.2642000e+00
   1.1768000e+00
   1.0827000e+00
   9.3490000e-01
   9.0130000e-01
   9.0130000e-01
   8.9450000e-01
   9.8860000e-01
   8.1390000e-01
   9.8190000e-01
   1.0424000e+00
   1.0424000e+00
   1.2575000e+00
   1.2642000e+00
   1.0760000e+00
   1.1634000e+00
   9.4830000e-01
   9.6850000e-01
   8.4750000e-01
   9.0800000e-01
   9.6170000e-01
   1.0021000e+00
   1.0021000e+00
   8.2730000e-01
   9.2140000e-01
   9.1470000e-01
   7.8030000e-01
   1.0155000e+00
   8.6090000e-01
   8.7440000e-01
   9.9530000e-01
   9.0800000e-01
   9.0800000e-01
   9.3490000e-01
   1.1230000e+00
   1.1230000e+00
   1.0760000e+00
   9.0130000e-01
   7.2650000e-01
   9.6850000e-01
   1.0289000e+00
   9.0800000e-01
   9.5500000e-01
   8.4750000e-01
   1.0021000e+00
   9.3490000e-01
   1.1701000e+00
   1.0693000e+00
   1.2171000e+00
   1.2104000e+00
   1.2440000e+00
   1.1566000e+00
   8.2730000e-01
   9.7520000e-01
   1.0491000e+00
   8.5420000e-01
   8.7440000e-01
   1.0424000e+00
   9.0800000e-01
   1.0626000e+00
   8.9450000e-01
   9.6170000e-01
   9.0800000e-01
   8.1390000e-01
   9.9530000e-01
   1.0088000e+00
   1.0491000e+00
   1.0424000e+00
   1.1566000e+00
   1.1163000e+00
   1.1230000e+00
   1.0021000e+00
   1.1499000e+00
   9.3490000e-01
   1.0289000e+00
   1.0357000e+00
   1.0289000e+00
   9.3490000e-01
   1.0491000e+00
   8.6770000e-01
   1.0424000e+00
   9.2140000e-01
   9.8190000e-01
   1.2171000e+00
   1.0357000e+00
   1.1163000e+00
   8.0040000e-01
   1.0088000e+00
   8.4750000e-01
   9.4160000e-01
   8.6090000e-01
   9.2140000e-01
   7.4000000e-01
   8.9450000e-01
   8.4750000e-01
   8.2730000e-01
   8.8110000e-01
   8.7440000e-01
   8.4080000e-01
   9.2140000e-01
   1.0021000e+00
   8.0040000e-01
   7.5340000e-01
   1.1029000e+00
   9.0800000e-01
   1.0760000e+00
   9.4830000e-01
   9.9530000e-01
   1.0693000e+00
   1.1096000e+00
   9.8190000e-01
   9.8190000e-01
   9.8190000e-01
   9.3490000e-01
   9.2810000e-01
   9.7520000e-01
   9.6850000e-01
   9.5500000e-01
   9.9530000e-01
   1.2104000e+00
   1.1499000e+00
   1.1365000e+00
   9.6850000e-01
   1.1096000e+00
   9.6170000e-01
   9.8860000e-01
   8.8110000e-01
   7.8030000e-01
   9.0130000e-01
   1.0021000e+00
   1.0894000e+00
   1.0088000e+00
   9.9530000e-01
   1.0558000e+00
   1.1365000e+00
   9.7520000e-01
   7.9370000e-01
   8.6090000e-01
   8.8780000e-01
   9.4160000e-01
   8.1390000e-01
   1.0491000e+00
   9.2140000e-01
   1.2171000e+00
   1.3045000e+00
   1.1029000e+00
   8.6770000e-01
   9.5500000e-01
   9.6170000e-01
   8.8780000e-01
   7.6010000e-01
   8.6090000e-01
   1.0626000e+00
   8.8110000e-01
   8.8110000e-01
   1.1163000e+00
   1.0424000e+00
   1.0760000e+00
   8.4750000e-01
   1.0088000e+00
   9.4830000e-01
   8.9450000e-01
   8.2730000e-01
   8.7440000e-01
   1.0558000e+00
   1.0155000e+00
   8.9450000e-01
   9.8190000e-01
   9.3490000e-01
   1.0558000e+00
   8.0040000e-01
   8.4750000e-01
   7.7360000e-01
   9.6170000e-01
   1.0155000e+00
   9.2140000e-01
   9.3490000e-01
   9.7520000e-01
   9.0130000e-01
   1.0491000e+00
   1.1029000e+00
   8.7440000e-01
   9.8860000e-01
   8.5420000e-01
   1.0827000e+00
   8.7440000e-01
   1.0962000e+00
   8.2060000e-01
   1.0558000e+00
   1.1432000e+00
   1.2238000e+00
   1.3515000e+00
   1.0894000e+00
   1.1566000e+00
   1.0222000e+00
   1.0558000e+00
   1.0222000e+00
   8.1390000e-01
   7.8030000e-01
   9.5500000e-01
   8.6770000e-01
   1.1230000e+00
   8.9450000e-01
   1.0088000e+00
   1.1096000e+00
   1.0088000e+00
   1.1163000e+00
   8.4080000e-01
   9.0800000e-01
   1.0088000e+00
   8.4080000e-01
   9.2810000e-01
   1.0155000e+00
   1.0424000e+00
   1.1902000e+00
   1.1768000e+00
   1.0827000e+00
   1.1230000e+00
   1.0088000e+00
   9.0800000e-01
   9.0130000e-01
   8.5420000e-01
   9.3490000e-01
   1.0021000e+00
   1.0155000e+00
   1.0760000e+00
   1.1499000e+00
   1.0155000e+00
   1.0491000e+00
   1.1634000e+00
   9.2810000e-01
   8.1390000e-01
   7.3320000e-01
   8.0720000e-01
   7.6680000e-01
   8.5420000e-01
   9.0800000e-01
   9.7520000e-01
   9.4830000e-01
   9.2140000e-01
   9.8860000e-01
   1.1230000e+00
   1.0760000e+00
   1.1298000e+00
   7.1310000e-01
   8.8780000e-01
   1.0155000e+00
   8.6770000e-01
   1.0289000e+00
   8.7440000e-01
   1.0827000e+00
   9.3490000e-01
   9.7520000e-01
   1.0491000e+00
   1.0424000e+00
   9.2810000e-01
   9.7520000e-01
   9.3490000e-01
   8.4080000e-01
   8.6770000e-01
   9.1470000e-01
   9.3490000e-01
   1.1365000e+00
   1.1835000e+00
   1.1230000e+00
   1.0357000e+00
   1.2575000e+00
   1.1298000e+00
   8.8110000e-01
   8.6090000e-01
   7.4000000e-01
   8.4080000e-01
   1.1163000e+00
   1.0021000e+00
   1.2306000e+00
   1.2104000e+00
   1.1835000e+00
   1.0894000e+00
   1.0357000e+00
   1.0289000e+00
   9.8860000e-01
   9.8190000e-01
   1.0021000e+00
   8.4080000e-01
   9.3490000e-01
   1.0222000e+00
   1.2171000e+00
   1.1970000e+00
   1.2306000e+00
   1.0894000e+00
   9.1470000e-01
   8.6770000e-01
   9.5500000e-01
   8.4750000e-01
   8.0720000e-01
   7.0640000e-01
   8.9450000e-01
   9.5500000e-01
   9.8190000e-01
   1.1902000e+00
   1.0962000e+00
   1.0962000e+00
   1.0021000e+00
   8.2060000e-01
   8.9450000e-01
   7.8030000e-01
   8.3410000e-01
   8.8780000e-01
   8.8780000e-01
   9.2140000e-01
   1.0491000e+00
   1.0962000e+00
   1.2373000e+00
   9.2140000e-01
   1.0962000e+00
   9.5500000e-01
   8.6770000e-01
   8.4750000e-01
   8.4080000e-01
   9.1470000e-01
   9.4830000e-01
   1.0558000e+00
   9.6850000e-01
   1.0693000e+00
   9.8860000e-01
   1.1029000e+00
   9.4160000e-01
   9.4830000e-01
   8.1390000e-01
   8.4080000e-01
   7.3320000e-01
   8.6770000e-01
   1.3112000e+00
   1.1096000e+00
   1.2709000e+00
   1.1230000e+00
   8.1390000e-01
   8.4080000e-01
   1.0491000e+00
   8.8110000e-01
   8.2060000e-01
   1.0894000e+00
   8.4750000e-01
   9.0800000e-01
   1.0424000e+00
   1.1029000e+00
   1.1970000e+00
   1.0827000e+00
   1.2037000e+00
   1.0357000e+00
   1.0289000e+00
   1.0222000e+00
   7.5340000e-01
   9.1470000e-01
   7.4000000e-01
   9.2140000e-01
   1.0626000e+00
   8.2060000e-01
   9.4160000e-01
   1.0760000e+00
   1.0693000e+00
   1.0289000e+00
   9.4160000e-01
   8.2060000e-01
   7.3320000e-01
   9.2140000e-01
   8.0720000e-01
   8.7440000e-01
   9.3490000e-01
   9.4830000e-01
   1.0289000e+00
   8.8110000e-01
   1.0760000e+00
   8.8780000e-01
   8.2060000e-01
   8.4080000e-01
   8.4080000e-01
   6.8620000e-01
   9.2810000e-01
   1.0289000e+00
   1.1163000e+00
   1.2776000e+00
   1.0558000e+00
   1.1835000e+00
   1.3045000e+00
   9.4830000e-01
   1.0827000e+00
   8.6090000e-01
   8.6770000e-01
   8.4750000e-01
   9.2810000e-01
   8.1390000e-01
   7.6680000e-01
   9.6850000e-01
   1.1970000e+00
   1.1566000e+00
   1.1298000e+00
   9.7520000e-01
   1.0693000e+00
   8.5420000e-01
   7.0640000e-01
   8.8110000e-01
   8.3410000e-01
   9.6170000e-01
   8.4750000e-01
   9.6850000e-01
   1.2171000e+00
   9.8190000e-01
   1.0491000e+00
   1.1298000e+00
   9.6170000e-01
   8.8110000e-01
   1.1768000e+00
   8.5420000e-01
   8.2730000e-01
   1.0088000e+00
   7.8700000e-01
   1.2238000e+00
   1.2171000e+00
   1.3650000e+00
   1.3314000e+00
   1.2709000e+00
   1.0222000e+00
   8.0040000e-01
   8.2060000e-01
   7.9370000e-01
   8.6090000e-01
   9.7520000e-01
   9.1470000e-01
   9.4830000e-01
   1.0827000e+00
   9.4160000e-01
   1.1902000e+00
   1.1230000e+00
   9.6850000e-01
   9.9530000e-01
   8.8110000e-01
   8.1390000e-01
   7.8030000e-01
   7.6680000e-01
   6.9290000e-01
   8.2060000e-01
   9.2140000e-01
   1.2238000e+00
   1.0491000e+00
   9.4830000e-01
   1.0222000e+00
   8.9450000e-01
   9.9530000e-01
   7.5340000e-01
   8.3410000e-01
   9.4830000e-01
   7.4000000e-01
   9.8190000e-01
   1.1096000e+00
   1.3650000e+00
