       327        135        203        337
       135        327        203        176
       318         45        343        176
       152         32        343        362
        32        152        343        176
        45         32        343        176
       152         51        203        176
        51        135        203        176
        32         51        152        176
        51         32         45        176
       127        307        318        267
       307        127        318        176
       318        127         45        176
         3         51         32         45
        19          3         21          0
        19          3         51         21
         3         19         51         45
        99         19        127         45
       127         99         45        176
        99         51         45        176
        19         99         51         45
        99        127        307        176
        99         19         51         21
        99        307        327        176
        51         99         21        135
        51         99        135        176
       135         99        327        176
       365        141        210        379
       141        365        210        181
       203         51        152        181
       154         32        152        362
        32        154        152        181
        51         32        152        181
       154         55        210        181
        55        141        210        181
        32         55        154        181
        55         32         51        181
       135        351        203        337
       351        135        203        181
       203        135         51        181
         3         55         32         51
        21          3         27          0
        21          3         55         27
         3         21         55         51
       106         21        135         51
       135        106         51        181
       106         55         51        181
        21        106         55         51
       106        135        351        181
       106         21         55         27
       106        351        365        181
        55        106         27        141
        55        106        141        181
       141        106        365        181
       229        138        208        248
       138        229        208        187
       210         55        154        187
       155         32        154        362
        32        155        154        187
        55         32        154        187
       155         57        208        187
        57        138        208        187
        32         57        155        187
        57         32         55        187
       141        236        210        379
       236        141        210        187
       210        141         55        187
         3         57         32         55
        27          3         28          0
        27          3         57         28
         3         27         57         55
       115         27        141         55
       141        115         55        187
       115         57         55        187
        27        115         57         55
       115        141        236        187
       115         27         57         28
       115        236        229        187
        57        115         28        138
        57        115        138        187
       138        115        229        187
       238        139        206        253
       139        238        206        183
       208         57        155        183
       153         32        155        362
        32        153        155        183
        57         32        155        183
       153         52        206        183
        52        139        206        183
        32         52        153        183
        52         32         57        183
       138        230        208        248
       230        138        208        183
       208        138         57        183
         3         52         32         57
        28          3         24          0
        28          3         52         24
         3         28         52         57
       110         28        138         57
       138        110         57        183
       110         52         57        183
        28        110         52         57
       110        138        230        183
       110         28         52         24
       110        230        238        183
        52        110         24        139
        52        110        139        183
       139        110        238        183
       389        128        375        381
       128        389        375        385
       206         52        153        385
       369         32        153        362
        32        369        153        385
        52         32        153        385
       369         48        375        385
        48        128        375        385
        32         48        369        385
        48         32         52        385
       139        395        206        253
       395        139        206        385
       206        139         52        385
         3         48         32         52
        24          3         20          0
        24          3         48         20
         3         24         48         52
       102         24        139         52
       139        102         52        385
       102         48         52        385
        24        102         48         52
       102        139        395        385
       102         24         48         20
       102        395        389        385
        48        102         20        128
        48        102        128        385
       128        102        389        385
       356        125        349        339
       125        356        349        363
       375         48        369        363
       355         32        369        362
        32        355        369        363
        48         32        369        363
       355         42        349        363
        42        125        349        363
        32         42        355        363
        42         32         48        363
       128        370        375        381
       370        128        375        363
       375        128         48        363
         3         42         32         48
        20          3         16          0
        20          3         42         16
         3         20         42         48
        94         20        128         48
       128         94         48        363
        94         42         48        363
        20         94         42         48
        94        128        370        363
        94         20         42         16
        94        370        356        363
        42         94         16        125
        42         94        125        363
       125         94        356        363
       309        123        322        288
       123        309        322        335
       349         42        355        335
       345         32        355        362
        32        345        355        335
        42         32        355        335
       345         41        322        335
        41        123        322        335
        32         41        345        335
        41         32         42        335
       125        329        349        339
       329        125        349        335
       349        125         42        335
         3         41         32         42
        16          3         15          0
        16          3         41         15
         3         16         41         42
        88         16        125         42
       125         88         42        335
        88         41         42        335
        16         88         41         42
        88        125        329        335
        88         16         41         15
        88        329        309        335
        41         88         15        123
        41         88        123        335
       123         88        309        335
       273        127        318        267
       127        273        318        320
       322         41        345        320
       343         32        345        362
        32        343        345        320
        41         32        345        320
       343         45        318        320
        45        127        318        320
        32         45        343        320
        45         32         41        320
       123        280        322        288
       280        123        322        320
       322        123         41        320
         3         45         32         41
        15          3         19          0
        15          3         45         19
         3         15         45         41
        90         15        123         41
       123         90         41        320
        90         45         41        320
        15         90         45         41
        90        123        280        320
        90         15         45         19
        90        280        273        320
        45         90         19        127
        45         90        127        320
       127         90        273        320
       325        135        327        337
       135        325        327        305
       258        104        263        305
       307        127        263        267
       127        307        263        305
       104        127        263        305
       307         99        327        305
        99        135        327        305
       127         99        307        305
        99        127        104        305
       140        303        258        254
       303        140        258        305
       258        140        104        305
        19         99        127        104
        29         19         21          0
        29         19         99         21
        19         29         99        104
       113         29        140        104
       140        113        104        305
       113         99        104        305
        29        113         99        104
       113        140        303        305
       113         29         99         21
       113        303        325        305
        99        113         21        135
        99        113        135        305
       135        113        325        305
       226        138        229        248
       138        226        229        221
       393        119        387        221
       236        141        387        379
       141        236        387        221
       119        141        387        221
       236        115        229        221
       115        138        229        221
       141        115        236        221
       115        141        119        221
       142        227        393        397
       227        142        393        221
       393        142        119        221
        27        115        141        119
        30         27         28          0
        30         27        115         28
        27         30        115        119
       108         30        142        119
       142        108        119        221
       108        115        119        221
        30        108        115        119
       108        142        227        221
       108         30        115         28
       108        227        226        221
       115        108         28        138
       115        108        138        221
       138        108        226        221
       244        128        389        381
       128        244        389        223
       246        118        247        223
       395        139        247        253
       139        395        247        223
       118        139        247        223
       395        102        389        223
       102        128        389        223
       139        102        395        223
       102        139        118        223
       144        245        246        252
       245        144        246        223
       246        144        118        223
        24        102        139        118
        25         24         20          0
        25         24        102         20
        24         25        102        118
       112         25        144        118
       144        112        118        223
       112        102        118        223
        25        112        102        118
       112        144        245        223
       112         25        102         20
       112        245        244        223
       102        112         20        128
       102        112        128        223
       128        112        244        223
       292        123        309        288
       123        292        309        311
       313         98        331        311
       329        125        331        339
       125        329        331        311
        98        125        331        311
       329         88        309        311
        88        123        309        311
       125         88        329        311
        88        125         98        311
       136        297        313        299
       297        136        313        311
       313        136         98        311
        16         88        125         98
        22         16         15          0
        22         16         88         15
        16         22         88         98
        95         22        136         98
       136         95         98        311
        95         88         98        311
        22         95         88         98
        95        136        297        311
        95         22         88         15
        95        297        292        311
        88         95         15        123
        88         95        123        311
       123         95        292        311
       263        127        271        267
       127        263        271        265
       260         74        269        265
       274         34        269        278
        34        274        269        265
        74         34        269        265
       274         63        271        265
        63        127        271        265
        34         63        274        265
        63         34         74        265
       140        258        260        254
       258        140        260        265
       260        140         74        265
         4         63         34         74
        29          4         19          0
        29          4         63         19
         4         29         63         74
       104         29        140         74
       140        104         74        265
       104         63         74        265
        29        104         63         74
       104        140        258        265
       104         29         63         19
       104        258        263        265
        63        104         19        127
        63        104        127        265
       127        104        263        265
       280        123        284        288
       123        280        284        277
       271         63        274        277
       281         34        274        278
        34        281        274        277
        63         34        274        277
       281         58        284        277
        58        123        284        277
        34         58        281        277
        58         34         63        277
       127        273        271        267
       273        127        271        277
       271        127         63        277
         4         58         34         63
        19          4         15          0
        19          4         58         15
         4         19         58         63
        90         19        127         63
       127         90         63        277
        90         58         63        277
        19         90         58         63
        90        127        273        277
        90         19         58         15
        90        273        280        277
        58         90         15        123
        58         90        123        277
       123         90        280        277
       297        136        294        299
       136        297        294        290
       284         58        281        290
       286         34        281        278
        34        286        281        290
        58         34        281        290
       286         70        294        290
        70        136        294        290
        34         70        286        290
        70         34         58        290
       123        292        284        288
       292        123        284        290
       284        123         58        290
         4         70         34         58
        15          4         22          0
        15          4         70         22
         4         15         70         58
        95         15        123         58
       123         95         58        290
        95         70         58        290
        15         95         70         58
        95        123        292        290
        95         15         70         22
        95        292        297        290
        70         95         22        136
        70         95        136        290
       136         95        297        290
       301        129        296        302
       129        301        296        295
       294         70        286        295
       287         34        286        278
        34        287        286        295
        70         34        286        295
       287         60        296        295
        60        129        296        295
        34         60        287        295
        60         34         70        295
       136        300        294        299
       300        136        294        295
       294        136         70        295
         4         60         34         70
        22          4         11          0
        22          4         60         11
         4         22         60         70
       107         22        136         70
       136        107         70        295
       107         60         70        295
        22        107         60         70
       107        136        300        295
       107         22         60         11
       107        300        301        295
        60        107         11        129
        60        107        129        295
       129        107        301        295
       293        124        285        289
       124        293        285        291
       296         60        287        291
       282         34        287        278
        34        282        287        291
        60         34        287        291
       282         54        285        291
        54        124        285        291
        34         54        282        291
        54         34         60        291
       129        298        296        302
       298        129        296        291
       296        129         60        291
         4         54         34         60
        11          4          9          0
        11          4         54          9
         4         11         54         60
        92         11        129         60
       129         92         60        291
        92         54         60        291
        11         92         54         60
        92        129        298        291
        92         11         54          9
        92        298        293        291
        54         92          9        124
        54         92        124        291
       124         92        293        291
       276        130        272        268
       130        276        272        279
       285         54        282        279
       275         34        282        278
        34        275        282        279
        54         34        282        279
       275         61        272        279
        61        130        272        279
        34         61        275        279
        61         34         54        279
       124        283        285        289
       283        124        285        279
       285        124         54        279
         4         61         34         54
         9          4         12          0
         9          4         61         12
         4          9         61         54
        93          9        124         54
       124         93         54        279
        93         61         54        279
         9         93         61         54
        93        124        283        279
        93          9         61         12
        93        283        276        279
        61         93         12        130
        61         93        130        279
       130         93        276        279
       259        143        262        257
       143        259        262        266
       272         61        275        266
       270         34        275        278
        34        270        275        266
        61         34        275        266
       270         73        262        266
        73        143        262        266
        34         73        270        266
        73         34         61        266
       130        264        272        268
       264        130        272        266
       272        130         61        266
         4         73         34         61
        12          4         23          0
        12          4         73         23
         4         12         73         61
       109         12        130         61
       130        109         61        266
       109         73         61        266
        12        109         73         61
       109        130        264        266
       109         12         73         23
       109        264        259        266
        73        109         23        143
        73        109        143        266
       143        109        259        266
       255        140        260        254
       140        255        260        261
       262         73        270        261
       269         34        270        278
        34        269        270        261
        73         34        270        261
       269         74        260        261
        74        140        260        261
        34         74        269        261
        74         34         73        261
       143        256        262        257
       256        143        262        261
       262        143         73        261
         4         74         34         73
        23          4         29          0
        23          4         74         29
         4         23         74         73
       120         23        143         73
       143        120         73        261
       120         74         73        261
        23        120         74         73
       120        143        256        261
       120         23         74         29
       120        256        255        261
        74        120         29        140
        74        120        140        261
       140        120        255        261
       303        140        315        254
       140        303        315        333
       347         75        352        333
       341         36        352        360
        36        341        352        333
        75         36        352        333
       341         84        315        333
        84        140        315        333
        36         84        341        333
        84         36         75        333
       135        325        347        337
       325        135        347        333
       347        135         75        333
         6         84         36         75
        21          6         29          0
        21          6         84         29
         6         21         84         75
       113         21        135         75
       135        113         75        333
       113         84         75        333
        21        113         84         75
       113        135        325        333
       113         21         84         29
       113        325        303        333
        84        113         29        140
        84        113        140        333
       140        113        303        333
       256        143        317        257
       143        256        317        316
       315         84        341        316
       342         36        341        360
        36        342        341        316
        84         36        341        316
       342         81        317        316
        81        143        317        316
        36         81        342        316
        81         36         84        316
       140        255        315        254
       255        140        315        316
       315        140         84        316
         6         81         36         84
        29          6         23          0
        29          6         81         23
         6         29         81         84
       120         29        140         84
       140        120         84        316
       120         81         84        316
        29        120         81         84
       120        140        255        316
       120         29         81         23
       120        255        256        316
        81        120         23        143
        81        120        143        316
       143        120        256        316
       326        137        209        338
       137        326        209        192
       317         81        342        192
       158         36        342        360
        36        158        342        192
        81         36        342        192
       158         72        209        192
        72        137        209        192
        36         72        158        192
        72         36         81        192
       143        304        317        257
       304        143        317        192
       317        143         81        192
         6         72         36         81
        23          6         17          0
        23          6         72         17
         6         23         72         81
       117         23        143         81
       143        117         81        192
       117         72         81        192
        23        117         72         81
       117        143        304        192
       117         23         72         17
       117        304        326        192
        72        117         17        137
        72        117        137        192
       137        117        326        192
       367        131        199        380
       131        367        199        178
       209         72        158        178
       156         36        158        360
        36        156        158        178
        72         36        158        178
       156         67        199        178
        67        131        199        178
        36         67        156        178
        67         36         72        178
       137        353        209        338
       353        137        209        178
       209        137         72        178
         6         67         36         72
        17          6         18          0
        17          6         67         18
         6         17         67         72
       105         17        137         72
       137        105         72        178
       105         67         72        178
        17        105         67         72
       105        137        353        178
       105         17         67         18
       105        353        367        178
        67        105         18        131
        67        105        131        178
       131        105        367        178
       225        134        200        249
       134        225        200        175
       199         67        156        175
       157         36        156        360
        36        157        156        175
        67         36        156        175
       157         69        200        175
        69        134        200        175
        36         69        157        175
        69         36         67        175
       131        224        199        380
       224        131        199        175
       199        131         67        175
         6         69         36         67
        18          6         26          0
        18          6         69         26
         6         18         69         67
       100         18        131         67
       131        100         67        175
       100         69         67        175
        18        100         69         67
       100        131        224        175
       100         18         69         26
       100        224        225        175
        69        100         26        134
        69        100        134        175
       134        100        225        175
       242        142        391        397
       142        242        391        180
       200         69        157        180
       377         36        157        360
        36        377        157        180
        69         36        157        180
       377         77        391        180
        77        142        391        180
        36         77        377        180
        77         36         69        180
       134        233        200        249
       233        134        200        180
       200        134         69        180
         6         77         36         69
        26          6         30          0
        26          6         77         30
         6         26         77         69
       114         26        134         69
       134        114         69        180
       114         77         69        180
        26        114         77         69
       114        134        233        180
       114         26         77         30
       114        233        242        180
        77        114         30        142
        77        114        142        180
       142        114        242        180
       387        141        373        379
       141        387        373        383
       391         77        377        383
       366         36        377        360
        36        366        377        383
        77         36        377        383
       366         82        373        383
        82        141        373        383
        36         82        366        383
        82         36         77        383
       142        393        391        397
       393        142        391        383
       391        142         77        383
         6         82         36         77
        30          6         27          0
        30          6         82         27
         6         30         82         77
       119         30        142         77
       142        119         77        383
       119         82         77        383
        30        119         82         77
       119        142        393        383
       119         30         82         27
       119        393        387        383
        82        119         27        141
        82        119        141        383
       141        119        387        383
       351        135        347        337
       135        351        347        359
       373         82        366        359
       352         36        366        360
        36        352        366        359
        82         36        366        359
       352         75        347        359
        75        135        347        359
        36         75        352        359
        75         36         82        359
       141        365        373        379
       365        141        373        359
       373        141         82        359
         6         75         36         82
        27          6         21          0
        27          6         75         21
         6         27         75         82
       106         27        141         82
       141        106         82        359
       106         75         82        359
        27        106         75         82
       106        141        365        359
       106         27         75         21
       106        365        351        359
        75        106         21        135
        75        106        135        359
       135        106        351        359
       227        142        207        397
       142        227        207        179
       202         79        160        179
       162         35        160        147
        35        162        160        179
        79         35        160        179
       162         83        207        179
        83        142        207        179
        35         83        162        179
        83         35         79        179
       138        226        202        248
       226        138        202        179
       202        138         79        179
         5         83         35         79
        28          5         30          0
        28          5         83         30
         5         28         83         79
       108         28        138         79
       138        108         79        179
       108         83         79        179
        28        108         83         79
       108        138        226        179
       108         28         83         30
       108        226        227        179
        83        108         30        142
        83        108        142        179
       142        108        227        179
       233        134        212        249
       134        233        212        190
       207         83        162        190
       171         35        162        147
        35        171        162        190
        83         35        162        190
       171         78        212        190
        78        134        212        190
        35         78        171        190
        78         35         83        190
       142        242        207        397
       242        142        207        190
       207        142         83        190
         5         78         35         83
        30          5         26          0
        30          5         78         26
         5         30         78         83
       114         30        142         83
       142        114         83        190
       114         78         83        190
        30        114         78         83
       114        142        242        190
       114         30         78         26
       114        242        233        190
        78        114         26        134
        78        114        134        190
       134        114        233        190
       240        133        218        398
       133        240        218        191
       212         78        171        191
       170         35        171        147
        35        170        171        191
        78         35        171        191
       170         65        218        191
        65        133        218        191
        35         65        170        191
        65         35         78        191
       134        232        212        249
       232        134        212        191
       212        134         78        191
         5         65         35         78
        26          5         14          0
        26          5         65         14
         5         26         65         78
       111         26        134         78
       134        111         78        191
       111         65         78        191
        26        111         65         78
       111        134        232        191
       111         26         65         14
       111        232        240        191
        65        111         14        133
        65        111        133        191
       133        111        240        191
       241        126        211        251
       126        241        211        189
       218         65        170        189
       165         35        170        147
        35        165        170        189
        65         35        170        189
       165         59        211        189
        59        126        211        189
        35         59        165        189
        59         35         65        189
       133        243        218        398
       243        133        218        189
       218        133         65        189
         5         59         35         65
        14          5         10          0
        14          5         59         10
         5         14         59         65
        97         14        133         65
       133         97         65        189
        97         59         65        189
        14         97         59         65
        97        133        243        189
        97         14         59         10
        97        243        241        189
        59         97         10        126
        59         97        126        189
       126         97        241        189
       235        132        205        250
       132        235        205        186
       211         59        165        186
       161         35        165        147
        35        161        165        186
        59         35        165        186
       161         64        205        186
        64        132        205        186
        35         64        161        186
        64         35         59        186
       126        239        211        251
       239        126        211        186
       211        126         59        186
         5         64         35         59
        10          5         13          0
        10          5         64         13
         5         10         64         59
        96         10        126         59
       126         96         59        186
        96         64         59        186
        10         96         64         59
        96        126        239        186
        96         10         64         13
        96        239        235        186
        64         96         13        132
        64         96        132        186
       132         96        235        186
       237        144        215        252
       144        237        215        185
       205         64        161        185
       164         35        161        147
        35        164        161        185
        64         35        161        185
       164         76        215        185
        76        144        215        185
        35         76        164        185
        76         35         64        185
       132        234        205        250
       234        132        205        185
       205        132         64        185
         5         76         35         64
        13          5         25          0
        13          5         76         25
         5         13         76         64
       116         13        132         64
       132        116         64        185
       116         76         64        185
        13        116         76         64
       116        132        234        185
       116         13         76         25
       116        234        237        185
        76        116         25        144
        76        116        144        185
       144        116        237        185
       247        139        216        253
       139        247        216        195
       215         76        164        195
       169         35        164        147
        35        169        164        195
        76         35        164        195
       169         80        216        195
        80        139        216        195
        35         80        169        195
        80         35         76        195
       144        246        215        252
       246        144        215        195
       215        144         76        195
         5         80         35         76
        25          5         24          0
        25          5         80         24
         5         25         80         76
       118         25        144         76
       144        118         76        195
       118         80         76        195
        25        118         80         76
       118        144        246        195
       118         25         80         24
       118        246        247        195
        80        118         24        139
        80        118        139        195
       139        118        247        195
       230        138        202        248
       138        230        202        184
       216         80        169        184
       160         35        169        147
        35        160        169        184
        80         35        169        184
       160         79        202        184
        79        138        202        184
        35         79        160        184
        79         35         80        184
       139        238        216        253
       238        139        216        184
       216        139         80        184
         5         79         35         80
        24          5         28          0
        24          5         79         28
         5         24         79         80
       110         24        139         80
       139        110         80        184
       110         79         80        184
        24        110         79         80
       110        139        238        184
       110         24         79         28
       110        238        230        184
        79        110         28        138
        79        110        138        184
       138        110        230        184
       245        144        219        252
       144        245        219        194
       213         66        167        194
       168         33        167        146
        33        168        167        194
        66         33        167        194
       168         71        219        194
        71        144        219        194
        33         71        168        194
        71         33         66        194
       128        244        213        381
       244        128        213        194
       213        128         66        194
         2         71         33         66
        20          2         25          0
        20          2         71         25
         2         20         71         66
       112         20        128         66
       128        112         66        194
       112         71         66        194
        20        112         71         66
       112        128        244        194
       112         20         71         25
       112        244        245        194
        71        112         25        144
        71        112        144        194
       144        112        245        194
       234        132        214        250
       132        234        214        193
       219         71        168        193
       159         33        168        146
        33        159        168        193
        71         33        168        193
       159         56        214        193
        56        132        214        193
        33         56        159        193
        56         33         71        193
       144        237        219        252
       237        144        219        193
       219        144         71        193
         2         56         33         71
        25          2         13          0
        25          2         56         13
         2         25         56         71
       116         25        144         71
       144        116         71        193
       116         56         71        193
        25        116         56         71
       116        144        237        193
       116         25         56         13
       116        237        234        193
        56        116         13        132
        56        116        132        193
       132        116        234        193
       390        122        376        382
       122        390        376        386
       214         56        159        386
       371         33        159        146
        33        371        159        386
        56         33        159        386
       371         46        376        386
        46        122        376        386
        33         46        371        386
        46         33         56        386
       132        396        214        250
       396        132        214        386
       214        132         56        386
         2         46         33         56
        13          2          8          0
        13          2         46          8
         2         13         46         56
        91         13        132         56
       132         91         56        386
        91         46         56        386
        13         91         46         56
        91        132        396        386
        91         13         46          8
        91        396        390        386
        46         91          8        122
        46         91        122        386
       122         91        390        386
       358        121        350        340
       121        358        350        364
       376         46        371        364
       357         33        371        146
        33        357        371        364
        46         33        371        364
       357         44        350        364
        44        121        350        364
        33         44        357        364
        44         33         46        364
       122        372        376        382
       372        122        376        364
       376        122         46        364
         2         44         33         46
         8          2          7          0
         8          2         44          7
         2          8         44         46
        85          8        122         46
       122         85         46        364
        85         44         46        364
         8         85         44         46
        85        122        372        364
        85          8         44          7
        85        372        358        364
        44         85          7        121
        44         85        121        364
       121         85        358        364
       314        129        324        302
       129        314        324        336
       350         44        357        336
       346         33        357        146
        33        346        357        336
        44         33        357        336
       346         53        324        336
        53        129        324        336
        33         53        346        336
        53         33         44        336
       121        332        350        340
       332        121        350        336
       350        121         44        336
         2         53         33         44
         7          2         11          0
         7          2         53         11
         2          7         53         44
        89          7        121         44
       121         89         44        336
        89         53         44        336
         7         89         53         44
        89        121        332        336
        89          7         53         11
        89        332        314        336
        53         89         11        129
        53         89        129        336
       129         89        314        336
       300        136        217        299
       136        300        217        323
       324         53        346        323
       166         33        346        146
        33        166        346        323
        53         33        346        323
       166         68        217        323
        68        136        217        323
        33         68        166        323
        68         33         53        323
       129        301        324        302
       301        129        324        323
       324        129         53        323
         2         68         33         53
        11          2         22          0
        11          2         68         22
         2         11         68         53
       107         11        129         53
       129        107         53        323
       107         68         53        323
        11        107         68         53
       107        129        301        323
       107         11         68         22
       107        301        300        323
        68        107         22        136
        68        107        136        323
       136        107        300        323
       331        125        204        339
       125        331        204        188
       217         68        166        188
       163         33        166        146
        33        163        166        188
        68         33        166        188
       163         62        204        188
        62        125        204        188
        33         62        163        188
        62         33         68        188
       136        313        217        299
       313        136        217        188
       217        136         68        188
         2         62         33         68
        22          2         16          0
        22          2         62         16
         2         22         62         68
        98         22        136         68
       136         98         68        188
        98         62         68        188
        22         98         62         68
        98        136        313        188
        98         22         62         16
        98        313        331        188
        62         98         16        125
        62         98        125        188
       125         98        331        188
       370        128        213        381
       128        370        213        182
       204         62        163        182
       167         33        163        146
        33        167        163        182
        62         33        163        182
       167         66        213        182
        66        128        213        182
        33         66        167        182
        66         33         62        182
       125        356        204        339
       356        125        204        182
       204        125         62        182
         2         66         33         62
        16          2         20          0
        16          2         66         20
         2         16         66         62
        94         16        125         62
       125         94         62        182
        94         66         62        182
        16         94         66         62
        94        125        356        182
        94         16         66         20
        94        356        370        182
        66         94         20        128
        66         94        128        182
       128         94        370        182
       328        137        326        338
       137        328        326        306
       264        109        259        306
       304        143        259        257
       143        304        259        306
       109        143        259        306
       304        117        326        306
       117        137        326        306
       143        117        304        306
       117        143        109        306
       130        308        264        268
       308        130        264        306
       264        130        109        306
        23        117        143        109
        12         23         17          0
        12         23        117         17
        23         12        117        109
       101         12        130        109
       130        101        109        306
       101        117        109        306
        12        101        117        109
       101        130        308        306
       101         12        117         17
       101        308        328        306
       117        101         17        137
       117        101        137        306
       137        101        328        306
       394        133        240        398
       133        394        240        220
       224        100        225        220
       232        134        225        249
       134        232        225        220
       100        134        225        220
       232        111        240        220
       111        133        240        220
       134        111        232        220
       111        134        100        220
       131        388        224        380
       388        131        224        220
       224        131        100        220
        26        111        134        100
        18         26         14          0
        18         26        111         14
        26         18        111        100
       103         18        131        100
       131        103        100        220
       103        111        100        220
        18        103        111        100
       103        131        388        220
       103         18        111         14
       103        388        394        220
       111        103         14        133
       111        103        133        220
       133        103        394        220
       228        122        390        382
       122        228        390        222
       239         96        235        222
       396        132        235        250
       132        396        235        222
        96        132        235        222
       396         91        390        222
        91        122        390        222
       132         91        396        222
        91        132         96        222
       126        231        239        251
       231        126        239        222
       239        126         96        222
        13         91        132         96
        10         13          8          0
        10         13         91          8
        13         10         91         96
        87         10        126         96
       126         87         96        222
        87         91         96        222
        10         87         91         96
        87        126        231        222
        87         10         91          8
        87        231        228        222
        91         87          8        122
        91         87        122        222
       122         87        228        222
       310        124        293        289
       124        310        293        312
       332         89        314        312
       298        129        314        302
       129        298        314        312
        89        129        314        312
       298         92        293        312
        92        124        293        312
       129         92        298        312
        92        129         89        312
       121        330        332        340
       330        121        332        312
       332        121         89        312
        11         92        129         89
         7         11          9          0
         7         11         92          9
        11          7         92         89
        86          7        121         89
       121         86         89        312
        86         92         89        312
         7         86         92         89
        86        121        330        312
        86          7         92          9
        86        330        310        312
        92         86          9        124
        92         86        124        312
       124         86        310        312
       330        121        196        340
       121        330        196        173
       198         39        150        173
       148         31        150        145
        31        148        150        173
        39         31        150        173
       148         37        196        173
        37        121        196        173
        31         37        148        173
        37         31         39        173
       124        310        198        289
       310        124        198        173
       198        124         39        173
         1         37         31         39
         9          1          7          0
         9          1         37          7
         1          9         37         39
        86          9        124         39
       124         86         39        173
        86         37         39        173
         9         86         37         39
        86        124        310        173
        86          9         37          7
        86        310        330        173
        37         86          7        121
        37         86        121        173
       121         86        330        173
       372        122        197        382
       122        372        197        172
       196         37        148        172
       149         31        148        145
        31        149        148        172
        37         31        148        172
       149         38        197        172
        38        122        197        172
        31         38        149        172
        38         31         37        172
       121        358        196        340
       358        121        196        172
       196        121         37        172
         1         38         31         37
         7          1          8          0
         7          1         38          8
         1          7         38         37
        85          7        121         37
       121         85         37        172
        85         38         37        172
         7         85         38         37
        85        121        358        172
        85          7         38          8
        85        358        372        172
        38         85          8        122
        38         85        122        172
       122         85        372        172
       231        126        201        251
       126        231        201        174
       197         38        149        174
       151         31        149        145
        31        151        149        174
        38         31        149        174
       151         40        201        174
        40        126        201        174
        31         40        151        174
        40         31         38        174
       122        228        197        382
       228        122        197        174
       197        122         38        174
         1         40         31         38
         8          1         10          0
         8          1         40         10
         1          8         40         38
        87          8        122         38
       122         87         38        174
        87         40         38        174
         8         87         40         38
        87        122        228        174
        87          8         40         10
        87        228        231        174
        40         87         10        126
        40         87        126        174
       126         87        231        174
       243        133        392        398
       133        243        392        177
       201         40        151        177
       378         31        151        145
        31        378        151        177
        40         31        151        177
       378         47        392        177
        47        133        392        177
        31         47        378        177
        47         31         40        177
       126        241        201        251
       241        126        201        177
       201        126         40        177
         1         47         31         40
        10          1         14          0
        10          1         47         14
         1         10         47         40
        97         10        126         40
       126         97         40        177
        97         47         40        177
        10         97         47         40
        97        126        241        177
        97         10         47         14
        97        241        243        177
        47         97         14        133
        47         97        133        177
       133         97        243        177
       388        131        374        380
       131        388        374        384
       392         47        378        384
       368         31        378        145
        31        368        378        384
        47         31        378        384
       368         50        374        384
        50        131        374        384
        31         50        368        384
        50         31         47        384
       133        394        392        398
       394        133        392        384
       392        133         47        384
         1         50         31         47
        14          1         18          0
        14          1         50         18
         1         14         50         47
       103         14        133         47
       133        103         47        384
       103         50         47        384
        14        103         50         47
       103        133        394        384
       103         14         50         18
       103        394        388        384
        50        103         18        131
        50        103        131        384
       131        103        388        384
       353        137        348        338
       137        353        348        361
       374         50        368        361
       354         31        368        145
        31        354        368        361
        50         31        368        361
       354         49        348        361
        49        137        348        361
        31         49        354        361
        49         31         50        361
       131        367        374        380
       367        131        374        361
       374        131         50        361
         1         49         31         50
        18          1         17          0
        18          1         49         17
         1         18         49         50
       105         18        131         50
       131        105         50        361
       105         49         50        361
        18        105         49         50
       105        131        367        361
       105         18         49         17
       105        367        353        361
        49        105         17        137
        49        105        137        361
       137        105        353        361
       308        130        319        268
       130        308        319        334
       348         49        354        334
       344         31        354        145
        31        344        354        334
        49         31        354        334
       344         43        319        334
        43        130        319        334
        31         43        344        334
        43         31         49        334
       137        328        348        338
       328        137        348        334
       348        137         49        334
         1         43         31         49
        17          1         12          0
        17          1         43         12
         1         17         43         49
       101         17        137         49
       137        101         49        334
       101         43         49        334
        17        101         43         49
       101        137        328        334
       101         17         43         12
       101        328        308        334
        43        101         12        130
        43        101        130        334
       130        101        308        334
       283        124        198        289
       124        283        198        321
       319         43        344        321
       150         31        344        145
        31        150        344        321
        43         31        344        321
       150         39        198        321
        39        124        198        321
        31         39        150        321
        39         31         43        321
       130        276        319        268
       276        130        319        321
       319        130         43        321
         1         39         31         43
        12          1          9          0
        12          1         39          9
         1         12         39         43
        93         12        130         43
       130         93         43        321
        93         39         43        321
        12         93         39         43
        93        130        276        321
        93         12         39          9
        93        276        283        321
        39         93          9        124
        39         93        124        321
       124         93        283        321
