         1          2         74
         2          3         75
         3          4         76
         4          5         77
         5          6         78
         6          7         79
         7          8         80
         8          9         81
         9         10         82
        10         11         83
        11         12         84
        12         13         85
        13         14         86
        14         15         87
        15         16         88
        16         17         89
        17         18         90
        18         19         91
        19         20         92
        20         21         93
        21         22         94
        22         23         95
        23         24         96
        24         25         97
        25         26         98
        26         27         99
        27         28        100
        28         29        101
        29         30        102
        30         31        103
        31         32        104
        32         33        105
        33         34        106
        34         35        107
        35         36        108
        36         37        109
        37         38        110
        38         39        111
        39         40        112
        40         41        113
        41         42        114
        42         43        115
        43         44        116
        44         45        117
        45         46        118
        46         47        119
        47         48        120
        48         49        121
        49         50        122
        50         51        123
        51         52        124
        52         53        125
        53         54        126
        54         55        127
        55         56        128
        56         57        129
        57         58        130
        58         59        131
        59         60        132
        60         61        133
        61         62        134
        62         63        135
        63         64        136
        64         65        137
        65         66        138
        66         67        139
        67         68        140
        68         69        141
        69         70        142
        70         71        143
        71         72        144
        72          1         73
        73         74        146
        74         75        147
        75         76        148
        76         77        149
        77         78        150
        78         79        151
        79         80        152
        80         81        153
        81         82        154
        82         83        155
        83         84        156
        84         85        157
        85         86        158
        86         87        159
        87         88        160
        88         89        161
        89         90        162
        90         91        163
        91         92        164
        92         93        165
        93         94        166
        94         95        167
        95         96        168
        96         97        169
        97         98        170
        98         99        171
        99        100        172
       100        101        173
       101        102        174
       102        103        175
       103        104        176
       104        105        177
       105        106        178
       106        107        179
       107        108        180
       108        109        181
       109        110        182
       110        111        183
       111        112        184
       112        113        185
       113        114        186
       114        115        187
       115        116        188
       116        117        189
       117        118        190
       118        119        191
       119        120        192
       120        121        193
       121        122        194
       122        123        195
       123        124        196
       124        125        197
       125        126        198
       126        127        199
       127        128        200
       128        129        201
       129        130        202
       130        131        203
       131        132        204
       132        133        205
       133        134        206
       134        135        207
       135        136        208
       136        137        209
       137        138        210
       138        139        211
       139        140        212
       140        141        213
       141        142        214
       142        143        215
       143        144        216
       144         73        145
       145        146        218
       146        147        219
       147        148        220
       148        149        221
       149        150        222
       150        151        223
       151        152        224
       152        153        225
       153        154        226
       154        155        227
       155        156        228
       156        157        229
       157        158        230
       158        159        231
       159        160        232
       160        161        233
       161        162        234
       162        163        235
       163        164        236
       164        165        237
       165        166        238
       166        167        239
       167        168        240
       168        169        241
       169        170        242
       170        171        243
       171        172        244
       172        173        245
       173        174        246
       174        175        247
       175        176        248
       176        177        249
       177        178        250
       178        179        251
       179        180        252
       180        181        253
       181        182        254
       182        183        255
       183        184        256
       184        185        257
       185        186        258
       186        187        259
       187        188        260
       188        189        261
       189        190        262
       190        191        263
       191        192        264
       192        193        265
       193        194        266
       194        195        267
       195        196        268
       196        197        269
       197        198        270
       198        199        271
       199        200        272
       200        201        273
       201        202        274
       202        203        275
       203        204        276
       204        205        277
       205        206        278
       206        207        279
       207        208        280
       208        209        281
       209        210        282
       210        211        283
       211        212        284
       212        213        285
       213        214        286
       214        215        287
       215        216        288
       216        145        217
       217        218        290
       218        219        291
       219        220        292
       220        221        293
       221        222        294
       222        223        295
       223        224        296
       224        225        297
       225        226        298
       226        227        299
       227        228        300
       228        229        301
       229        230        302
       230        231        303
       231        232        304
       232        233        305
       233        234        306
       234        235        307
       235        236        308
       236        237        309
       237        238        310
       238        239        311
       239        240        312
       240        241        313
       241        242        314
       242        243        315
       243        244        316
       244        245        317
       245        246        318
       246        247        319
       247        248        320
       248        249        321
       249        250        322
       250        251        323
       251        252        324
       252        253        325
       253        254        326
       254        255        327
       255        256        328
       256        257        329
       257        258        330
       258        259        331
       259        260        332
       260        261        333
       261        262        334
       262        263        335
       263        264        336
       264        265        337
       265        266        338
       266        267        339
       267        268        340
       268        269        341
       269        270        342
       270        271        343
       271        272        344
       272        273        345
       273        274        346
       274        275        347
       275        276        348
       276        277        349
       277        278        350
       278        279        351
       279        280        352
       280        281        353
       281        282        354
       282        283        355
       283        284        356
       284        285        357
       285        286        358
       286        287        359
       287        288        360
       288        217        289
       289        290        362
       290        291        363
       291        292        364
       292        293        365
       293        294        366
       294        295        367
       295        296        368
       296        297        369
       297        298        370
       298        299        371
       299        300        372
       300        301        373
       301        302        374
       302        303        375
       303        304        376
       304        305        377
       305        306        378
       306        307        379
       307        308        380
       308        309        381
       309        310        382
       310        311        383
       311        312        384
       312        313        385
       313        314        386
       314        315        387
       315        316        388
       316        317        389
       317        318        390
       318        319        391
       319        320        392
       320        321        393
       321        322        394
       322        323        395
       323        324        396
       324        325        397
       325        326        398
       326        327        399
       327        328        400
       328        329        401
       329        330        402
       330        331        403
       331        332        404
       332        333        405
       333        334        406
       334        335        407
       335        336        408
       336        337        409
       337        338        410
       338        339        411
       339        340        412
       340        341        413
       341        342        414
       342        343        415
       343        344        416
       344        345        417
       345        346        418
       346        347        419
       347        348        420
       348        349        421
       349        350        422
       350        351        423
       351        352        424
       352        353        425
       353        354        426
       354        355        427
       355        356        428
       356        357        429
       357        358        430
       358        359        431
       359        360        432
       360        289        361
       361        362        434
       362        363        435
       363        364        436
       364        365        437
       365        366        438
       366        367        439
       367        368        440
       368        369        441
       369        370        442
       370        371        443
       371        372        444
       372        373        445
       373        374        446
       374        375        447
       375        376        448
       376        377        449
       377        378        450
       378        379        451
       379        380        452
       380        381        453
       381        382        454
       382        383        455
       383        384        456
       384        385        457
       385        386        458
       386        387        459
       387        388        460
       388        389        461
       389        390        462
       390        391        463
       391        392        464
       392        393        465
       393        394        466
       394        395        467
       395        396        468
       396        397        469
       397        398        470
       398        399        471
       399        400        472
       400        401        473
       401        402        474
       402        403        475
       403        404        476
       404        405        477
       405        406        478
       406        407        479
       407        408        480
       408        409        481
       409        410        482
       410        411        483
       411        412        484
       412        413        485
       413        414        486
       414        415        487
       415        416        488
       416        417        489
       417        418        490
       418        419        491
       419        420        492
       420        421        493
       421        422        494
       422        423        495
       423        424        496
       424        425        497
       425        426        498
       426        427        499
       427        428        500
       428        429        501
       429        430        502
       430        431        503
       431        432        504
       432        361        433
       433        434        506
       434        435        507
       435        436        508
       436        437        509
       437        438        510
       438        439        511
       439        440        512
       440        441        513
       441        442        514
       442        443        515
       443        444        516
       444        445        517
       445        446        518
       446        447        519
       447        448        520
       448        449        521
       449        450        522
       450        451        523
       451        452        524
       452        453        525
       453        454        526
       454        455        527
       455        456        528
       456        457        529
       457        458        530
       458        459        531
       459        460        532
       460        461        533
       461        462        534
       462        463        535
       463        464        536
       464        465        537
       465        466        538
       466        467        539
       467        468        540
       468        469        541
       469        470        542
       470        471        543
       471        472        544
       472        473        545
       473        474        546
       474        475        547
       475        476        548
       476        477        549
       477        478        550
       478        479        551
       479        480        552
       480        481        553
       481        482        554
       482        483        555
       483        484        556
       484        485        557
       485        486        558
       486        487        559
       487        488        560
       488        489        561
       489        490        562
       490        491        563
       491        492        564
       492        493        565
       493        494        566
       494        495        567
       495        496        568
       496        497        569
       497        498        570
       498        499        571
       499        500        572
       500        501        573
       501        502        574
       502        503        575
       503        504        576
       504        433        505
       505        506        578
       506        507        579
       507        508        580
       508        509        581
       509        510        582
       510        511        583
       511        512        584
       512        513        585
       513        514        586
       514        515        587
       515        516        588
       516        517        589
       517        518        590
       518        519        591
       519        520        592
       520        521        593
       521        522        594
       522        523        595
       523        524        596
       524        525        597
       525        526        598
       526        527        599
       527        528        600
       528        529        601
       529        530        602
       530        531        603
       531        532        604
       532        533        605
       533        534        606
       534        535        607
       535        536        608
       536        537        609
       537        538        610
       538        539        611
       539        540        612
       540        541        613
       541        542        614
       542        543        615
       543        544        616
       544        545        617
       545        546        618
       546        547        619
       547        548        620
       548        549        621
       549        550        622
       550        551        623
       551        552        624
       552        553        625
       553        554        626
       554        555        627
       555        556        628
       556        557        629
       557        558        630
       558        559        631
       559        560        632
       560        561        633
       561        562        634
       562        563        635
       563        564        636
       564        565        637
       565        566        638
       566        567        639
       567        568        640
       568        569        641
       569        570        642
       570        571        643
       571        572        644
       572        573        645
       573        574        646
       574        575        647
       575        576        648
       576        505        577
       577        578        650
       578        579        651
       579        580        652
       580        581        653
       581        582        654
       582        583        655
       583        584        656
       584        585        657
       585        586        658
       586        587        659
       587        588        660
       588        589        661
       589        590        662
       590        591        663
       591        592        664
       592        593        665
       593        594        666
       594        595        667
       595        596        668
       596        597        669
       597        598        670
       598        599        671
       599        600        672
       600        601        673
       601        602        674
       602        603        675
       603        604        676
       604        605        677
       605        606        678
       606        607        679
       607        608        680
       608        609        681
       609        610        682
       610        611        683
       611        612        684
       612        613        685
       613        614        686
       614        615        687
       615        616        688
       616        617        689
       617        618        690
       618        619        691
       619        620        692
       620        621        693
       621        622        694
       622        623        695
       623        624        696
       624        625        697
       625        626        698
       626        627        699
       627        628        700
       628        629        701
       629        630        702
       630        631        703
       631        632        704
       632        633        705
       633        634        706
       634        635        707
       635        636        708
       636        637        709
       637        638        710
       638        639        711
       639        640        712
       640        641        713
       641        642        714
       642        643        715
       643        644        716
       644        645        717
       645        646        718
       646        647        719
       647        648        720
       648        577        649
       649        650        722
       650        651        723
       651        652        724
       652        653        725
       653        654        726
       654        655        727
       655        656        728
       656        657        729
       657        658        730
       658        659        731
       659        660        732
       660        661        733
       661        662        734
       662        663        735
       663        664        736
       664        665        737
       665        666        738
       666        667        739
       667        668        740
       668        669        741
       669        670        742
       670        671        743
       671        672        744
       672        673        745
       673        674        746
       674        675        747
       675        676        748
       676        677        749
       677        678        750
       678        679        751
       679        680        752
       680        681        753
       681        682        754
       682        683        755
       683        684        756
       684        685        757
       685        686        758
       686        687        759
       687        688        760
       688        689        761
       689        690        762
       690        691        763
       691        692        764
       692        693        765
       693        694        766
       694        695        767
       695        696        768
       696        697        769
       697        698        770
       698        699        771
       699        700        772
       700        701        773
       701        702        774
       702        703        775
       703        704        776
       704        705        777
       705        706        778
       706        707        779
       707        708        780
       708        709        781
       709        710        782
       710        711        783
       711        712        784
       712        713        785
       713        714        786
       714        715        787
       715        716        788
       716        717        789
       717        718        790
       718        719        791
       719        720        792
       720        649        721
       721        722        794
       722        723        795
       723        724        796
       724        725        797
       725        726        798
       726        727        799
       727        728        800
       728        729        801
       729        730        802
       730        731        803
       731        732        804
       732        733        805
       733        734        806
       734        735        807
       735        736        808
       736        737        809
       737        738        810
       738        739        811
       739        740        812
       740        741        813
       741        742        814
       742        743        815
       743        744        816
       744        745        817
       745        746        818
       746        747        819
       747        748        820
       748        749        821
       749        750        822
       750        751        823
       751        752        824
       752        753        825
       753        754        826
       754        755        827
       755        756        828
       756        757        829
       757        758        830
       758        759        831
       759        760        832
       760        761        833
       761        762        834
       762        763        835
       763        764        836
       764        765        837
       765        766        838
       766        767        839
       767        768        840
       768        769        841
       769        770        842
       770        771        843
       771        772        844
       772        773        845
       773        774        846
       774        775        847
       775        776        848
       776        777        849
       777        778        850
       778        779        851
       779        780        852
       780        781        853
       781        782        854
       782        783        855
       783        784        856
       784        785        857
       785        786        858
       786        787        859
       787        788        860
       788        789        861
       789        790        862
       790        791        863
       791        792        864
       792        721        793
       793        794        866
       794        795        867
       795        796        868
       796        797        869
       797        798        870
       798        799        871
       799        800        872
       800        801        873
       801        802        874
       802        803        875
       803        804        876
       804        805        877
       805        806        878
       806        807        879
       807        808        880
       808        809        881
       809        810        882
       810        811        883
       811        812        884
       812        813        885
       813        814        886
       814        815        887
       815        816        888
       816        817        889
       817        818        890
       818        819        891
       819        820        892
       820        821        893
       821        822        894
       822        823        895
       823        824        896
       824        825        897
       825        826        898
       826        827        899
       827        828        900
       828        829        901
       829        830        902
       830        831        903
       831        832        904
       832        833        905
       833        834        906
       834        835        907
       835        836        908
       836        837        909
       837        838        910
       838        839        911
       839        840        912
       840        841        913
       841        842        914
       842        843        915
       843        844        916
       844        845        917
       845        846        918
       846        847        919
       847        848        920
       848        849        921
       849        850        922
       850        851        923
       851        852        924
       852        853        925
       853        854        926
       854        855        927
       855        856        928
       856        857        929
       857        858        930
       858        859        931
       859        860        932
       860        861        933
       861        862        934
       862        863        935
       863        864        936
       864        793        865
       865        866        938
       866        867        939
       867        868        940
       868        869        941
       869        870        942
       870        871        943
       871        872        944
       872        873        945
       873        874        946
       874        875        947
       875        876        948
       876        877        949
       877        878        950
       878        879        951
       879        880        952
       880        881        953
       881        882        954
       882        883        955
       883        884        956
       884        885        957
       885        886        958
       886        887        959
       887        888        960
       888        889        961
       889        890        962
       890        891        963
       891        892        964
       892        893        965
       893        894        966
       894        895        967
       895        896        968
       896        897        969
       897        898        970
       898        899        971
       899        900        972
       900        901        973
       901        902        974
       902        903        975
       903        904        976
       904        905        977
       905        906        978
       906        907        979
       907        908        980
       908        909        981
       909        910        982
       910        911        983
       911        912        984
       912        913        985
       913        914        986
       914        915        987
       915        916        988
       916        917        989
       917        918        990
       918        919        991
       919        920        992
       920        921        993
       921        922        994
       922        923        995
       923        924        996
       924        925        997
       925        926        998
       926        927        999
       927        928       1000
       928        929       1001
       929        930       1002
       930        931       1003
       931        932       1004
       932        933       1005
       933        934       1006
       934        935       1007
       935        936       1008
       936        865        937
       937        938       1010
       938        939       1011
       939        940       1012
       940        941       1013
       941        942       1014
       942        943       1015
       943        944       1016
       944        945       1017
       945        946       1018
       946        947       1019
       947        948       1020
       948        949       1021
       949        950       1022
       950        951       1023
       951        952       1024
       952        953       1025
       953        954       1026
       954        955       1027
       955        956       1028
       956        957       1029
       957        958       1030
       958        959       1031
       959        960       1032
       960        961       1033
       961        962       1034
       962        963       1035
       963        964       1036
       964        965       1037
       965        966       1038
       966        967       1039
       967        968       1040
       968        969       1041
       969        970       1042
       970        971       1043
       971        972       1044
       972        973       1045
       973        974       1046
       974        975       1047
       975        976       1048
       976        977       1049
       977        978       1050
       978        979       1051
       979        980       1052
       980        981       1053
       981        982       1054
       982        983       1055
       983        984       1056
       984        985       1057
       985        986       1058
       986        987       1059
       987        988       1060
       988        989       1061
       989        990       1062
       990        991       1063
       991        992       1064
       992        993       1065
       993        994       1066
       994        995       1067
       995        996       1068
       996        997       1069
       997        998       1070
       998        999       1071
       999       1000       1072
      1000       1001       1073
      1001       1002       1074
      1002       1003       1075
      1003       1004       1076
      1004       1005       1077
      1005       1006       1078
      1006       1007       1079
      1007       1008       1080
      1008        937       1009
      1009       1010       1082
      1010       1011       1083
      1011       1012       1084
      1012       1013       1085
      1013       1014       1086
      1014       1015       1087
      1015       1016       1088
      1016       1017       1089
      1017       1018       1090
      1018       1019       1091
      1019       1020       1092
      1020       1021       1093
      1021       1022       1094
      1022       1023       1095
      1023       1024       1096
      1024       1025       1097
      1025       1026       1098
      1026       1027       1099
      1027       1028       1100
      1028       1029       1101
      1029       1030       1102
      1030       1031       1103
      1031       1032       1104
      1032       1033       1105
      1033       1034       1106
      1034       1035       1107
      1035       1036       1108
      1036       1037       1109
      1037       1038       1110
      1038       1039       1111
      1039       1040       1112
      1040       1041       1113
      1041       1042       1114
      1042       1043       1115
      1043       1044       1116
      1044       1045       1117
      1045       1046       1118
      1046       1047       1119
      1047       1048       1120
      1048       1049       1121
      1049       1050       1122
      1050       1051       1123
      1051       1052       1124
      1052       1053       1125
      1053       1054       1126
      1054       1055       1127
      1055       1056       1128
      1056       1057       1129
      1057       1058       1130
      1058       1059       1131
      1059       1060       1132
      1060       1061       1133
      1061       1062       1134
      1062       1063       1135
      1063       1064       1136
      1064       1065       1137
      1065       1066       1138
      1066       1067       1139
      1067       1068       1140
      1068       1069       1141
      1069       1070       1142
      1070       1071       1143
      1071       1072       1144
      1072       1073       1145
      1073       1074       1146
      1074       1075       1147
      1075       1076       1148
      1076       1077       1149
      1077       1078       1150
      1078       1079       1151
      1079       1080       1152
      1080       1009       1081
      1081       1082       1154
      1082       1083       1155
      1083       1084       1156
      1084       1085       1157
      1085       1086       1158
      1086       1087       1159
      1087       1088       1160
      1088       1089       1161
      1089       1090       1162
      1090       1091       1163
      1091       1092       1164
      1092       1093       1165
      1093       1094       1166
      1094       1095       1167
      1095       1096       1168
      1096       1097       1169
      1097       1098       1170
      1098       1099       1171
      1099       1100       1172
      1100       1101       1173
      1101       1102       1174
      1102       1103       1175
      1103       1104       1176
      1104       1105       1177
      1105       1106       1178
      1106       1107       1179
      1107       1108       1180
      1108       1109       1181
      1109       1110       1182
      1110       1111       1183
      1111       1112       1184
      1112       1113       1185
      1113       1114       1186
      1114       1115       1187
      1115       1116       1188
      1116       1117       1189
      1117       1118       1190
      1118       1119       1191
      1119       1120       1192
      1120       1121       1193
      1121       1122       1194
      1122       1123       1195
      1123       1124       1196
      1124       1125       1197
      1125       1126       1198
      1126       1127       1199
      1127       1128       1200
      1128       1129       1201
      1129       1130       1202
      1130       1131       1203
      1131       1132       1204
      1132       1133       1205
      1133       1134       1206
      1134       1135       1207
      1135       1136       1208
      1136       1137       1209
      1137       1138       1210
      1138       1139       1211
      1139       1140       1212
      1140       1141       1213
      1141       1142       1214
      1142       1143       1215
      1143       1144       1216
      1144       1145       1217
      1145       1146       1218
      1146       1147       1219
      1147       1148       1220
      1148       1149       1221
      1149       1150       1222
      1150       1151       1223
      1151       1152       1224
      1152       1081       1153
      1153       1154       1226
      1154       1155       1227
      1155       1156       1228
      1156       1157       1229
      1157       1158       1230
      1158       1159       1231
      1159       1160       1232
      1160       1161       1233
      1161       1162       1234
      1162       1163       1235
      1163       1164       1236
      1164       1165       1237
      1165       1166       1238
      1166       1167       1239
      1167       1168       1240
      1168       1169       1241
      1169       1170       1242
      1170       1171       1243
      1171       1172       1244
      1172       1173       1245
      1173       1174       1246
      1174       1175       1247
      1175       1176       1248
      1176       1177       1249
      1177       1178       1250
      1178       1179       1251
      1179       1180       1252
      1180       1181       1253
      1181       1182       1254
      1182       1183       1255
      1183       1184       1256
      1184       1185       1257
      1185       1186       1258
      1186       1187       1259
      1187       1188       1260
      1188       1189       1261
      1189       1190       1262
      1190       1191       1263
      1191       1192       1264
      1192       1193       1265
      1193       1194       1266
      1194       1195       1267
      1195       1196       1268
      1196       1197       1269
      1197       1198       1270
      1198       1199       1271
      1199       1200       1272
      1200       1201       1273
      1201       1202       1274
      1202       1203       1275
      1203       1204       1276
      1204       1205       1277
      1205       1206       1278
      1206       1207       1279
      1207       1208       1280
      1208       1209       1281
      1209       1210       1282
      1210       1211       1283
      1211       1212       1284
      1212       1213       1285
      1213       1214       1286
      1214       1215       1287
      1215       1216       1288
      1216       1217       1289
      1217       1218       1290
      1218       1219       1291
      1219       1220       1292
      1220       1221       1293
      1221       1222       1294
      1222       1223       1295
      1223       1224       1296
      1224       1153       1225
         0          2          1
         0          3          2
         0          4          3
         0          5          4
         0          6          5
         0          7          6
         0          8          7
         0          9          8
         0         10          9
         0         11         10
         0         12         11
         0         13         12
         0         14         13
         0         15         14
         0         16         15
         0         17         16
         0         18         17
         0         19         18
         0         20         19
         0         21         20
         0         22         21
         0         23         22
         0         24         23
         0         25         24
         0         26         25
         0         27         26
         0         28         27
         0         29         28
         0         30         29
         0         31         30
         0         32         31
         0         33         32
         0         34         33
         0         35         34
         0         36         35
         0         37         36
         0         38         37
         0         39         38
         0         40         39
         0         41         40
         0         42         41
         0         43         42
         0         44         43
         0         45         44
         0         46         45
         0         47         46
         0         48         47
         0         49         48
         0         50         49
         0         51         50
         0         52         51
         0         53         52
         0         54         53
         0         55         54
         0         56         55
         0         57         56
         0         58         57
         0         59         58
         0         60         59
         0         61         60
         0         62         61
         0         63         62
         0         64         63
         0         65         64
         0         66         65
         0         67         66
         0         68         67
         0         69         68
         0         70         69
         0         71         70
         0         72         71
         0          1         72
         1         74         73
         2         75         74
         3         76         75
         4         77         76
         5         78         77
         6         79         78
         7         80         79
         8         81         80
         9         82         81
        10         83         82
        11         84         83
        12         85         84
        13         86         85
        14         87         86
        15         88         87
        16         89         88
        17         90         89
        18         91         90
        19         92         91
        20         93         92
        21         94         93
        22         95         94
        23         96         95
        24         97         96
        25         98         97
        26         99         98
        27        100         99
        28        101        100
        29        102        101
        30        103        102
        31        104        103
        32        105        104
        33        106        105
        34        107        106
        35        108        107
        36        109        108
        37        110        109
        38        111        110
        39        112        111
        40        113        112
        41        114        113
        42        115        114
        43        116        115
        44        117        116
        45        118        117
        46        119        118
        47        120        119
        48        121        120
        49        122        121
        50        123        122
        51        124        123
        52        125        124
        53        126        125
        54        127        126
        55        128        127
        56        129        128
        57        130        129
        58        131        130
        59        132        131
        60        133        132
        61        134        133
        62        135        134
        63        136        135
        64        137        136
        65        138        137
        66        139        138
        67        140        139
        68        141        140
        69        142        141
        70        143        142
        71        144        143
        72         73        144
        73        146        145
        74        147        146
        75        148        147
        76        149        148
        77        150        149
        78        151        150
        79        152        151
        80        153        152
        81        154        153
        82        155        154
        83        156        155
        84        157        156
        85        158        157
        86        159        158
        87        160        159
        88        161        160
        89        162        161
        90        163        162
        91        164        163
        92        165        164
        93        166        165
        94        167        166
        95        168        167
        96        169        168
        97        170        169
        98        171        170
        99        172        171
       100        173        172
       101        174        173
       102        175        174
       103        176        175
       104        177        176
       105        178        177
       106        179        178
       107        180        179
       108        181        180
       109        182        181
       110        183        182
       111        184        183
       112        185        184
       113        186        185
       114        187        186
       115        188        187
       116        189        188
       117        190        189
       118        191        190
       119        192        191
       120        193        192
       121        194        193
       122        195        194
       123        196        195
       124        197        196
       125        198        197
       126        199        198
       127        200        199
       128        201        200
       129        202        201
       130        203        202
       131        204        203
       132        205        204
       133        206        205
       134        207        206
       135        208        207
       136        209        208
       137        210        209
       138        211        210
       139        212        211
       140        213        212
       141        214        213
       142        215        214
       143        216        215
       144        145        216
       145        218        217
       146        219        218
       147        220        219
       148        221        220
       149        222        221
       150        223        222
       151        224        223
       152        225        224
       153        226        225
       154        227        226
       155        228        227
       156        229        228
       157        230        229
       158        231        230
       159        232        231
       160        233        232
       161        234        233
       162        235        234
       163        236        235
       164        237        236
       165        238        237
       166        239        238
       167        240        239
       168        241        240
       169        242        241
       170        243        242
       171        244        243
       172        245        244
       173        246        245
       174        247        246
       175        248        247
       176        249        248
       177        250        249
       178        251        250
       179        252        251
       180        253        252
       181        254        253
       182        255        254
       183        256        255
       184        257        256
       185        258        257
       186        259        258
       187        260        259
       188        261        260
       189        262        261
       190        263        262
       191        264        263
       192        265        264
       193        266        265
       194        267        266
       195        268        267
       196        269        268
       197        270        269
       198        271        270
       199        272        271
       200        273        272
       201        274        273
       202        275        274
       203        276        275
       204        277        276
       205        278        277
       206        279        278
       207        280        279
       208        281        280
       209        282        281
       210        283        282
       211        284        283
       212        285        284
       213        286        285
       214        287        286
       215        288        287
       216        217        288
       217        290        289
       218        291        290
       219        292        291
       220        293        292
       221        294        293
       222        295        294
       223        296        295
       224        297        296
       225        298        297
       226        299        298
       227        300        299
       228        301        300
       229        302        301
       230        303        302
       231        304        303
       232        305        304
       233        306        305
       234        307        306
       235        308        307
       236        309        308
       237        310        309
       238        311        310
       239        312        311
       240        313        312
       241        314        313
       242        315        314
       243        316        315
       244        317        316
       245        318        317
       246        319        318
       247        320        319
       248        321        320
       249        322        321
       250        323        322
       251        324        323
       252        325        324
       253        326        325
       254        327        326
       255        328        327
       256        329        328
       257        330        329
       258        331        330
       259        332        331
       260        333        332
       261        334        333
       262        335        334
       263        336        335
       264        337        336
       265        338        337
       266        339        338
       267        340        339
       268        341        340
       269        342        341
       270        343        342
       271        344        343
       272        345        344
       273        346        345
       274        347        346
       275        348        347
       276        349        348
       277        350        349
       278        351        350
       279        352        351
       280        353        352
       281        354        353
       282        355        354
       283        356        355
       284        357        356
       285        358        357
       286        359        358
       287        360        359
       288        289        360
       289        362        361
       290        363        362
       291        364        363
       292        365        364
       293        366        365
       294        367        366
       295        368        367
       296        369        368
       297        370        369
       298        371        370
       299        372        371
       300        373        372
       301        374        373
       302        375        374
       303        376        375
       304        377        376
       305        378        377
       306        379        378
       307        380        379
       308        381        380
       309        382        381
       310        383        382
       311        384        383
       312        385        384
       313        386        385
       314        387        386
       315        388        387
       316        389        388
       317        390        389
       318        391        390
       319        392        391
       320        393        392
       321        394        393
       322        395        394
       323        396        395
       324        397        396
       325        398        397
       326        399        398
       327        400        399
       328        401        400
       329        402        401
       330        403        402
       331        404        403
       332        405        404
       333        406        405
       334        407        406
       335        408        407
       336        409        408
       337        410        409
       338        411        410
       339        412        411
       340        413        412
       341        414        413
       342        415        414
       343        416        415
       344        417        416
       345        418        417
       346        419        418
       347        420        419
       348        421        420
       349        422        421
       350        423        422
       351        424        423
       352        425        424
       353        426        425
       354        427        426
       355        428        427
       356        429        428
       357        430        429
       358        431        430
       359        432        431
       360        361        432
       361        434        433
       362        435        434
       363        436        435
       364        437        436
       365        438        437
       366        439        438
       367        440        439
       368        441        440
       369        442        441
       370        443        442
       371        444        443
       372        445        444
       373        446        445
       374        447        446
       375        448        447
       376        449        448
       377        450        449
       378        451        450
       379        452        451
       380        453        452
       381        454        453
       382        455        454
       383        456        455
       384        457        456
       385        458        457
       386        459        458
       387        460        459
       388        461        460
       389        462        461
       390        463        462
       391        464        463
       392        465        464
       393        466        465
       394        467        466
       395        468        467
       396        469        468
       397        470        469
       398        471        470
       399        472        471
       400        473        472
       401        474        473
       402        475        474
       403        476        475
       404        477        476
       405        478        477
       406        479        478
       407        480        479
       408        481        480
       409        482        481
       410        483        482
       411        484        483
       412        485        484
       413        486        485
       414        487        486
       415        488        487
       416        489        488
       417        490        489
       418        491        490
       419        492        491
       420        493        492
       421        494        493
       422        495        494
       423        496        495
       424        497        496
       425        498        497
       426        499        498
       427        500        499
       428        501        500
       429        502        501
       430        503        502
       431        504        503
       432        433        504
       433        506        505
       434        507        506
       435        508        507
       436        509        508
       437        510        509
       438        511        510
       439        512        511
       440        513        512
       441        514        513
       442        515        514
       443        516        515
       444        517        516
       445        518        517
       446        519        518
       447        520        519
       448        521        520
       449        522        521
       450        523        522
       451        524        523
       452        525        524
       453        526        525
       454        527        526
       455        528        527
       456        529        528
       457        530        529
       458        531        530
       459        532        531
       460        533        532
       461        534        533
       462        535        534
       463        536        535
       464        537        536
       465        538        537
       466        539        538
       467        540        539
       468        541        540
       469        542        541
       470        543        542
       471        544        543
       472        545        544
       473        546        545
       474        547        546
       475        548        547
       476        549        548
       477        550        549
       478        551        550
       479        552        551
       480        553        552
       481        554        553
       482        555        554
       483        556        555
       484        557        556
       485        558        557
       486        559        558
       487        560        559
       488        561        560
       489        562        561
       490        563        562
       491        564        563
       492        565        564
       493        566        565
       494        567        566
       495        568        567
       496        569        568
       497        570        569
       498        571        570
       499        572        571
       500        573        572
       501        574        573
       502        575        574
       503        576        575
       504        505        576
       505        578        577
       506        579        578
       507        580        579
       508        581        580
       509        582        581
       510        583        582
       511        584        583
       512        585        584
       513        586        585
       514        587        586
       515        588        587
       516        589        588
       517        590        589
       518        591        590
       519        592        591
       520        593        592
       521        594        593
       522        595        594
       523        596        595
       524        597        596
       525        598        597
       526        599        598
       527        600        599
       528        601        600
       529        602        601
       530        603        602
       531        604        603
       532        605        604
       533        606        605
       534        607        606
       535        608        607
       536        609        608
       537        610        609
       538        611        610
       539        612        611
       540        613        612
       541        614        613
       542        615        614
       543        616        615
       544        617        616
       545        618        617
       546        619        618
       547        620        619
       548        621        620
       549        622        621
       550        623        622
       551        624        623
       552        625        624
       553        626        625
       554        627        626
       555        628        627
       556        629        628
       557        630        629
       558        631        630
       559        632        631
       560        633        632
       561        634        633
       562        635        634
       563        636        635
       564        637        636
       565        638        637
       566        639        638
       567        640        639
       568        641        640
       569        642        641
       570        643        642
       571        644        643
       572        645        644
       573        646        645
       574        647        646
       575        648        647
       576        577        648
       577        650        649
       578        651        650
       579        652        651
       580        653        652
       581        654        653
       582        655        654
       583        656        655
       584        657        656
       585        658        657
       586        659        658
       587        660        659
       588        661        660
       589        662        661
       590        663        662
       591        664        663
       592        665        664
       593        666        665
       594        667        666
       595        668        667
       596        669        668
       597        670        669
       598        671        670
       599        672        671
       600        673        672
       601        674        673
       602        675        674
       603        676        675
       604        677        676
       605        678        677
       606        679        678
       607        680        679
       608        681        680
       609        682        681
       610        683        682
       611        684        683
       612        685        684
       613        686        685
       614        687        686
       615        688        687
       616        689        688
       617        690        689
       618        691        690
       619        692        691
       620        693        692
       621        694        693
       622        695        694
       623        696        695
       624        697        696
       625        698        697
       626        699        698
       627        700        699
       628        701        700
       629        702        701
       630        703        702
       631        704        703
       632        705        704
       633        706        705
       634        707        706
       635        708        707
       636        709        708
       637        710        709
       638        711        710
       639        712        711
       640        713        712
       641        714        713
       642        715        714
       643        716        715
       644        717        716
       645        718        717
       646        719        718
       647        720        719
       648        649        720
       649        722        721
       650        723        722
       651        724        723
       652        725        724
       653        726        725
       654        727        726
       655        728        727
       656        729        728
       657        730        729
       658        731        730
       659        732        731
       660        733        732
       661        734        733
       662        735        734
       663        736        735
       664        737        736
       665        738        737
       666        739        738
       667        740        739
       668        741        740
       669        742        741
       670        743        742
       671        744        743
       672        745        744
       673        746        745
       674        747        746
       675        748        747
       676        749        748
       677        750        749
       678        751        750
       679        752        751
       680        753        752
       681        754        753
       682        755        754
       683        756        755
       684        757        756
       685        758        757
       686        759        758
       687        760        759
       688        761        760
       689        762        761
       690        763        762
       691        764        763
       692        765        764
       693        766        765
       694        767        766
       695        768        767
       696        769        768
       697        770        769
       698        771        770
       699        772        771
       700        773        772
       701        774        773
       702        775        774
       703        776        775
       704        777        776
       705        778        777
       706        779        778
       707        780        779
       708        781        780
       709        782        781
       710        783        782
       711        784        783
       712        785        784
       713        786        785
       714        787        786
       715        788        787
       716        789        788
       717        790        789
       718        791        790
       719        792        791
       720        721        792
       721        794        793
       722        795        794
       723        796        795
       724        797        796
       725        798        797
       726        799        798
       727        800        799
       728        801        800
       729        802        801
       730        803        802
       731        804        803
       732        805        804
       733        806        805
       734        807        806
       735        808        807
       736        809        808
       737        810        809
       738        811        810
       739        812        811
       740        813        812
       741        814        813
       742        815        814
       743        816        815
       744        817        816
       745        818        817
       746        819        818
       747        820        819
       748        821        820
       749        822        821
       750        823        822
       751        824        823
       752        825        824
       753        826        825
       754        827        826
       755        828        827
       756        829        828
       757        830        829
       758        831        830
       759        832        831
       760        833        832
       761        834        833
       762        835        834
       763        836        835
       764        837        836
       765        838        837
       766        839        838
       767        840        839
       768        841        840
       769        842        841
       770        843        842
       771        844        843
       772        845        844
       773        846        845
       774        847        846
       775        848        847
       776        849        848
       777        850        849
       778        851        850
       779        852        851
       780        853        852
       781        854        853
       782        855        854
       783        856        855
       784        857        856
       785        858        857
       786        859        858
       787        860        859
       788        861        860
       789        862        861
       790        863        862
       791        864        863
       792        793        864
       793        866        865
       794        867        866
       795        868        867
       796        869        868
       797        870        869
       798        871        870
       799        872        871
       800        873        872
       801        874        873
       802        875        874
       803        876        875
       804        877        876
       805        878        877
       806        879        878
       807        880        879
       808        881        880
       809        882        881
       810        883        882
       811        884        883
       812        885        884
       813        886        885
       814        887        886
       815        888        887
       816        889        888
       817        890        889
       818        891        890
       819        892        891
       820        893        892
       821        894        893
       822        895        894
       823        896        895
       824        897        896
       825        898        897
       826        899        898
       827        900        899
       828        901        900
       829        902        901
       830        903        902
       831        904        903
       832        905        904
       833        906        905
       834        907        906
       835        908        907
       836        909        908
       837        910        909
       838        911        910
       839        912        911
       840        913        912
       841        914        913
       842        915        914
       843        916        915
       844        917        916
       845        918        917
       846        919        918
       847        920        919
       848        921        920
       849        922        921
       850        923        922
       851        924        923
       852        925        924
       853        926        925
       854        927        926
       855        928        927
       856        929        928
       857        930        929
       858        931        930
       859        932        931
       860        933        932
       861        934        933
       862        935        934
       863        936        935
       864        865        936
       865        938        937
       866        939        938
       867        940        939
       868        941        940
       869        942        941
       870        943        942
       871        944        943
       872        945        944
       873        946        945
       874        947        946
       875        948        947
       876        949        948
       877        950        949
       878        951        950
       879        952        951
       880        953        952
       881        954        953
       882        955        954
       883        956        955
       884        957        956
       885        958        957
       886        959        958
       887        960        959
       888        961        960
       889        962        961
       890        963        962
       891        964        963
       892        965        964
       893        966        965
       894        967        966
       895        968        967
       896        969        968
       897        970        969
       898        971        970
       899        972        971
       900        973        972
       901        974        973
       902        975        974
       903        976        975
       904        977        976
       905        978        977
       906        979        978
       907        980        979
       908        981        980
       909        982        981
       910        983        982
       911        984        983
       912        985        984
       913        986        985
       914        987        986
       915        988        987
       916        989        988
       917        990        989
       918        991        990
       919        992        991
       920        993        992
       921        994        993
       922        995        994
       923        996        995
       924        997        996
       925        998        997
       926        999        998
       927       1000        999
       928       1001       1000
       929       1002       1001
       930       1003       1002
       931       1004       1003
       932       1005       1004
       933       1006       1005
       934       1007       1006
       935       1008       1007
       936        937       1008
       937       1010       1009
       938       1011       1010
       939       1012       1011
       940       1013       1012
       941       1014       1013
       942       1015       1014
       943       1016       1015
       944       1017       1016
       945       1018       1017
       946       1019       1018
       947       1020       1019
       948       1021       1020
       949       1022       1021
       950       1023       1022
       951       1024       1023
       952       1025       1024
       953       1026       1025
       954       1027       1026
       955       1028       1027
       956       1029       1028
       957       1030       1029
       958       1031       1030
       959       1032       1031
       960       1033       1032
       961       1034       1033
       962       1035       1034
       963       1036       1035
       964       1037       1036
       965       1038       1037
       966       1039       1038
       967       1040       1039
       968       1041       1040
       969       1042       1041
       970       1043       1042
       971       1044       1043
       972       1045       1044
       973       1046       1045
       974       1047       1046
       975       1048       1047
       976       1049       1048
       977       1050       1049
       978       1051       1050
       979       1052       1051
       980       1053       1052
       981       1054       1053
       982       1055       1054
       983       1056       1055
       984       1057       1056
       985       1058       1057
       986       1059       1058
       987       1060       1059
       988       1061       1060
       989       1062       1061
       990       1063       1062
       991       1064       1063
       992       1065       1064
       993       1066       1065
       994       1067       1066
       995       1068       1067
       996       1069       1068
       997       1070       1069
       998       1071       1070
       999       1072       1071
      1000       1073       1072
      1001       1074       1073
      1002       1075       1074
      1003       1076       1075
      1004       1077       1076
      1005       1078       1077
      1006       1079       1078
      1007       1080       1079
      1008       1009       1080
      1009       1082       1081
      1010       1083       1082
      1011       1084       1083
      1012       1085       1084
      1013       1086       1085
      1014       1087       1086
      1015       1088       1087
      1016       1089       1088
      1017       1090       1089
      1018       1091       1090
      1019       1092       1091
      1020       1093       1092
      1021       1094       1093
      1022       1095       1094
      1023       1096       1095
      1024       1097       1096
      1025       1098       1097
      1026       1099       1098
      1027       1100       1099
      1028       1101       1100
      1029       1102       1101
      1030       1103       1102
      1031       1104       1103
      1032       1105       1104
      1033       1106       1105
      1034       1107       1106
      1035       1108       1107
      1036       1109       1108
      1037       1110       1109
      1038       1111       1110
      1039       1112       1111
      1040       1113       1112
      1041       1114       1113
      1042       1115       1114
      1043       1116       1115
      1044       1117       1116
      1045       1118       1117
      1046       1119       1118
      1047       1120       1119
      1048       1121       1120
      1049       1122       1121
      1050       1123       1122
      1051       1124       1123
      1052       1125       1124
      1053       1126       1125
      1054       1127       1126
      1055       1128       1127
      1056       1129       1128
      1057       1130       1129
      1058       1131       1130
      1059       1132       1131
      1060       1133       1132
      1061       1134       1133
      1062       1135       1134
      1063       1136       1135
      1064       1137       1136
      1065       1138       1137
      1066       1139       1138
      1067       1140       1139
      1068       1141       1140
      1069       1142       1141
      1070       1143       1142
      1071       1144       1143
      1072       1145       1144
      1073       1146       1145
      1074       1147       1146
      1075       1148       1147
      1076       1149       1148
      1077       1150       1149
      1078       1151       1150
      1079       1152       1151
      1080       1081       1152
      1081       1154       1153
      1082       1155       1154
      1083       1156       1155
      1084       1157       1156
      1085       1158       1157
      1086       1159       1158
      1087       1160       1159
      1088       1161       1160
      1089       1162       1161
      1090       1163       1162
      1091       1164       1163
      1092       1165       1164
      1093       1166       1165
      1094       1167       1166
      1095       1168       1167
      1096       1169       1168
      1097       1170       1169
      1098       1171       1170
      1099       1172       1171
      1100       1173       1172
      1101       1174       1173
      1102       1175       1174
      1103       1176       1175
      1104       1177       1176
      1105       1178       1177
      1106       1179       1178
      1107       1180       1179
      1108       1181       1180
      1109       1182       1181
      1110       1183       1182
      1111       1184       1183
      1112       1185       1184
      1113       1186       1185
      1114       1187       1186
      1115       1188       1187
      1116       1189       1188
      1117       1190       1189
      1118       1191       1190
      1119       1192       1191
      1120       1193       1192
      1121       1194       1193
      1122       1195       1194
      1123       1196       1195
      1124       1197       1196
      1125       1198       1197
      1126       1199       1198
      1127       1200       1199
      1128       1201       1200
      1129       1202       1201
      1130       1203       1202
      1131       1204       1203
      1132       1205       1204
      1133       1206       1205
      1134       1207       1206
      1135       1208       1207
      1136       1209       1208
      1137       1210       1209
      1138       1211       1210
      1139       1212       1211
      1140       1213       1212
      1141       1214       1213
      1142       1215       1214
      1143       1216       1215
      1144       1217       1216
      1145       1218       1217
      1146       1219       1218
      1147       1220       1219
      1148       1221       1220
      1149       1222       1221
      1150       1223       1222
      1151       1224       1223
      1152       1153       1224
      1153       1226       1225
      1154       1227       1226
      1155       1228       1227
      1156       1229       1228
      1157       1230       1229
      1158       1231       1230
      1159       1232       1231
      1160       1233       1232
      1161       1234       1233
      1162       1235       1234
      1163       1236       1235
      1164       1237       1236
      1165       1238       1237
      1166       1239       1238
      1167       1240       1239
      1168       1241       1240
      1169       1242       1241
      1170       1243       1242
      1171       1244       1243
      1172       1245       1244
      1173       1246       1245
      1174       1247       1246
      1175       1248       1247
      1176       1249       1248
      1177       1250       1249
      1178       1251       1250
      1179       1252       1251
      1180       1253       1252
      1181       1254       1253
      1182       1255       1254
      1183       1256       1255
      1184       1257       1256
      1185       1258       1257
      1186       1259       1258
      1187       1260       1259
      1188       1261       1260
      1189       1262       1261
      1190       1263       1262
      1191       1264       1263
      1192       1265       1264
      1193       1266       1265
      1194       1267       1266
      1195       1268       1267
      1196       1269       1268
      1197       1270       1269
      1198       1271       1270
      1199       1272       1271
      1200       1273       1272
      1201       1274       1273
      1202       1275       1274
      1203       1276       1275
      1204       1277       1276
      1205       1278       1277
      1206       1279       1278
      1207       1280       1279
      1208       1281       1280
      1209       1282       1281
      1210       1283       1282
      1211       1284       1283
      1212       1285       1284
      1213       1286       1285
      1214       1287       1286
      1215       1288       1287
      1216       1289       1288
      1217       1290       1289
      1218       1291       1290
      1219       1292       1291
      1220       1293       1292
      1221       1294       1293
      1222       1295       1294
      1223       1296       1295
      1224       1225       1296
