   7.8504226e-01
   8.9369166e-01
   8.9519233e-01
   8.9839754e-01
   9.0021527e-01
   8.9694584e-01
   8.9523778e-01
   8.9717067e-01
   8.9568276e-01
   8.8905976e-01
   8.8312670e-01
   8.7881656e-01
   8.7515946e-01
   8.7004458e-01
   8.6623791e-01
   8.6234598e-01
   8.5931636e-01
   8.5655355e-01
   8.5317664e-01
   8.5153758e-01
   8.5345896e-01
   8.5683309e-01
   8.6424338e-01
   8.7193190e-01
   8.7757106e-01
   8.8118087e-01
   8.8398650e-01
   8.8835533e-01
   8.9355425e-01
   8.9747562e-01
   8.9945079e-01
   8.9548162e-01
   8.8978208e-01
   8.8559723e-01
   8.8479013e-01
   8.8405736e-01
   8.7892383e-01
   8.7358815e-01
   8.7006862e-01
   8.6854422e-01
   8.7076320e-01
   8.7062250e-01
   8.6808142e-01
   8.6343204e-01
   8.5702814e-01
   8.5001204e-01
   8.4409446e-01
   8.4187061e-01
   8.4048260e-01
   8.3846128e-01
   8.3829209e-01
   8.3971648e-01
   8.4136248e-01
   8.4187940e-01
   8.4209185e-01
   8.4439087e-01
   8.5176269e-01
   8.6122971e-01
   8.7274734e-01
   8.8156312e-01
   8.8787849e-01
   8.9519781e-01
   9.0458110e-01
   9.1099471e-01
   9.1440313e-01
   9.1772634e-01
   9.1508341e-01
   9.1123550e-01
   9.0696034e-01
   9.0339420e-01
   8.9693972e-01
   8.9378680e-01
   8.9288494e-01
   9.6286554e-01
   9.6882077e-01
   9.7405028e-01
   9.7695223e-01
   9.8187128e-01
   9.8082771e-01
   9.7767327e-01
   9.6762814e-01
   9.5559663e-01
   9.4341760e-01
   9.3255436e-01
   9.1869960e-01
   9.0542266e-01
   8.9237580e-01
   8.8250981e-01
   8.7609459e-01
   8.7371008e-01
   8.7487412e-01
   8.7702333e-01
   8.8491060e-01
   8.9307285e-01
   9.0621501e-01
   9.1846328e-01
   9.2966577e-01
   9.3943840e-01
   9.4692150e-01
   9.5629151e-01
   9.6840778e-01
   9.7353952e-01
   9.6793445e-01
   9.5555118e-01
   9.4662403e-01
   9.3720456e-01
   9.3095589e-01
   9.2320586e-01
   9.1830256e-01
   9.1500815e-01
   9.1377456e-01
   9.1606801e-01
   9.2465941e-01
   9.3011381e-01
   9.2787339e-01
   9.1943507e-01
   9.0913704e-01
   8.9675372e-01
   8.8558080e-01
   8.8024437e-01
   8.7807426e-01
   8.7546698e-01
   8.7871269e-01
   8.8470872e-01
   8.9146132e-01
   8.9569255e-01
   9.0059927e-01
   9.0723382e-01
   9.1893682e-01
   9.3131523e-01
   9.4409935e-01
   9.5190745e-01
   9.5671107e-01
   9.6666479e-01
   9.7881698e-01
   9.9034162e-01
   9.9492119e-01
   1.0002248e+00
   9.9396466e-01
   9.8976388e-01
   9.8707213e-01
   9.7908786e-01
   9.7010400e-01
   9.5591148e-01
   9.5489862e-01
   9.8978023e-01
   1.0057894e+00
   1.0165410e+00
   1.0246551e+00
   1.0256037e+00
   1.0225045e+00
   1.0213714e+00
   1.0115251e+00
   9.8833831e-01
   9.6630084e-01
   9.4049404e-01
   9.1397948e-01
   8.8749604e-01
   8.6380020e-01
   8.4662301e-01
   8.3623644e-01
   8.3691909e-01
   8.4615831e-01
   8.6050511e-01
   8.7281086e-01
   8.8447876e-01
   9.0655663e-01
   9.2837084e-01
   9.4916589e-01
   9.6477219e-01
   9.7837324e-01
   9.9308857e-01
   1.0092917e+00
   1.0099387e+00
   9.9397355e-01
   9.7084641e-01
   9.4645603e-01
   9.2775254e-01
   9.1538298e-01
   9.0903174e-01
   9.0132600e-01
   9.0364396e-01
   9.1347129e-01
   9.3149747e-01
   9.4843672e-01
   9.5800451e-01
   9.6518661e-01
   9.5639302e-01
   9.4327978e-01
   9.2557212e-01
   9.0993722e-01
   8.9879339e-01
   8.9730698e-01
   8.9833461e-01
   9.0069443e-01
   9.1464241e-01
   9.2949829e-01
   9.4675730e-01
   9.5729821e-01
   9.6842545e-01
   9.7878920e-01
   9.8925333e-01
   9.9232482e-01
   9.9297053e-01
   9.9424657e-01
   9.9469213e-01
   1.0045747e+00
   1.0203173e+00
   1.0268244e+00
   1.0318064e+00
   1.0263456e+00
   1.0204660e+00
   1.0136453e+00
   1.0030728e+00
   9.9141566e-01
   9.8164111e-01
   9.7645328e-01
   1.0315960e+00
   1.0433209e+00
   1.0781033e+00
   1.0942413e+00
   1.0971039e+00
   1.1005633e+00
   1.0751752e+00
   1.0418800e+00
   1.0157061e+00
   9.8892909e-01
   9.5960445e-01
   9.3333088e-01
   9.0266920e-01
   8.6835768e-01
   8.4976628e-01
   8.4533910e-01
   8.4695121e-01
   8.5440227e-01
   8.7010600e-01
   8.8191719e-01
   8.9289134e-01
   9.2545148e-01
   9.5866306e-01
   9.8464784e-01
   1.0057848e+00
   1.0205316e+00
   1.0201215e+00
   1.0149856e+00
   1.0091742e+00
   1.0209621e+00
   1.0308896e+00
   1.0247297e+00
   1.0173296e+00
   1.0028261e+00
   9.8798581e-01
   9.8621864e-01
   9.8995292e-01
   1.0028237e+00
   1.0152393e+00
   1.0133039e+00
   1.0117361e+00
   1.0117366e+00
   9.8806191e-01
   9.6748868e-01
   9.7095181e-01
   9.6584975e-01
   9.5791390e-01
   9.4067657e-01
   9.1409908e-01
   9.0281543e-01
   9.1529010e-01
   9.2732046e-01
   9.4240487e-01
   9.6299493e-01
   9.7799235e-01
   9.8122054e-01
   9.8166078e-01
   9.7434025e-01
   9.7014939e-01
   9.6658981e-01
   9.8552241e-01
   1.0167140e+00
   1.0340688e+00
   1.0389717e+00
   1.0533755e+00
   1.0609803e+00
   1.0692849e+00
   1.0667092e+00
   1.0561678e+00
   1.0502211e+00
   1.0633340e+00
   1.0432676e+00
   1.1037276e+00
   1.1071754e+00
   1.1214575e+00
   1.1375066e+00
   1.1546856e+00
   1.1120239e+00
   1.0718519e+00
   1.0483806e+00
   1.0365639e+00
   1.0256644e+00
   9.9409403e-01
   9.6633846e-01
   9.4281281e-01
   9.0914090e-01
   8.7575774e-01
   8.6670337e-01
   8.6536559e-01
   8.6961686e-01
   8.7837887e-01
   8.7949447e-01
   8.8412519e-01
   9.2625059e-01
   9.7644453e-01
   1.0281276e+00
   1.0606112e+00
   1.0553406e+00
   1.0462449e+00
   1.0363825e+00
   1.0200609e+00
   1.0283332e+00
   1.0611250e+00
   1.0993249e+00
   1.1005554e+00
   1.0856854e+00
   1.0761625e+00
   1.0620473e+00
   1.0571109e+00
   1.0744608e+00
   1.1008959e+00
   1.1085866e+00
   1.0895749e+00
   1.0473408e+00
   1.0326032e+00
   1.0210358e+00
   1.0260887e+00
   1.0216521e+00
   1.0043407e+00
   9.8415147e-01
   9.5806874e-01
   9.2959347e-01
   9.0018578e-01
   8.9584128e-01
   8.9419983e-01
   8.8926665e-01
   8.8806267e-01
   9.0661970e-01
   9.3373792e-01
   9.3295787e-01
   9.3249902e-01
   9.5936523e-01
   9.9083066e-01
   1.0130472e+00
   1.0477478e+00
   1.0824947e+00
   1.0753203e+00
   1.0739059e+00
   1.0907888e+00
   1.1008427e+00
   1.1377466e+00
   1.1502092e+00
   1.1453345e+00
   1.1235945e+00
   1.1524576e+00
   1.1607716e+00
   1.1794153e+00
   1.1708947e+00
   1.1417573e+00
   1.0893608e+00
   1.0623077e+00
   1.0510772e+00
   1.0466237e+00
   1.0554078e+00
   1.0435670e+00
   1.0107965e+00
   9.7082060e-01
   9.4498910e-01
   9.0632938e-01
   8.8923938e-01
   8.9129794e-01
   8.9899741e-01
   9.1110675e-01
   9.0685429e-01
   9.1367850e-01
   9.4476291e-01
   9.9123159e-01
   1.0490437e+00
   1.0816044e+00
   1.0838168e+00
   1.0702918e+00
   1.0726921e+00
   1.0741926e+00
   1.0927488e+00
   1.1048635e+00
   1.1379251e+00
   1.1408538e+00
   1.1274717e+00
   1.1121694e+00
   1.0976665e+00
   1.0880049e+00
   1.1192675e+00
   1.1415363e+00
   1.1496582e+00
   1.1241258e+00
   1.0558122e+00
   1.0213640e+00
   1.0138279e+00
   1.0287894e+00
   1.0395443e+00
   1.0299785e+00
   1.0180643e+00
   1.0094888e+00
   9.9184582e-01
   9.0684165e-01
   8.4526525e-01
   8.0650044e-01
   7.8771920e-01
   7.9048028e-01
   8.1163594e-01
   8.4463082e-01
   8.7256622e-01
   9.1375244e-01
   9.8041949e-01
   1.0073395e+00
   1.0397531e+00
   1.0900500e+00
   1.1383449e+00
   1.1416110e+00
   1.0968956e+00
   1.0728084e+00
   1.1221229e+00
   1.1817921e+00
   1.2079258e+00
   1.1993582e+00
   1.1741860e+00
   1.1424825e+00
   1.1100882e+00
   1.1076073e+00
   1.0996600e+00
   1.0770814e+00
   1.0429474e+00
   9.8692516e-01
   9.7392410e-01
   1.0033833e+00
   1.0756135e+00
   1.1169541e+00
   1.0951255e+00
   1.0567724e+00
   9.7416276e-01
   9.2881557e-01
   9.1076908e-01
   9.0939198e-01
   8.9256251e-01
   9.1641173e-01
   9.4684627e-01
   9.2439528e-01
   9.6605973e-01
   1.0307299e+00
   1.0747460e+00
   1.0963148e+00
   1.1055175e+00
   1.1062523e+00
   1.1152655e+00
   1.1380998e+00
   1.1611633e+00
   1.1618235e+00
   1.1073700e+00
   1.0616903e+00
   1.0337302e+00
   1.0339226e+00
   1.0035298e+00
   1.0343657e+00
   1.0441232e+00
   1.0878751e+00
   1.1080927e+00
   1.0864251e+00
   1.0616901e+00
   1.0296792e+00
   1.0274131e+00
   1.0433636e+00
   1.0514191e+00
   1.0650227e+00
   1.0620119e+00
   1.0663115e+00
   1.0280684e+00
   9.4839184e-01
   8.6654805e-01
   8.4909952e-01
   8.6142497e-01
   8.8720808e-01
   9.0934448e-01
   9.2459644e-01
   9.3816593e-01
   9.9172171e-01
   1.0436983e+00
   1.0835417e+00
   1.1151159e+00
   1.1208712e+00
   1.1329700e+00
   1.1360919e+00
   1.1078366e+00
   1.0625265e+00
   1.0663904e+00
   1.1219332e+00
   1.1846851e+00
   1.1974361e+00
   1.1617706e+00
   1.0227028e+00
   1.0216844e+00
   1.0552633e+00
   1.0378317e+00
   1.0544229e+00
   1.0470064e+00
   1.0120095e+00
   1.0037311e+00
   1.0304968e+00
   1.1258169e+00
   1.1663174e+00
   1.1202490e+00
   1.0632895e+00
   9.8283158e-01
   9.3059738e-01
   9.1493517e-01
   9.1071245e-01
   9.1239503e-01
   9.2343379e-01
   9.3557293e-01
   9.1222010e-01
   9.4143844e-01
   1.0240844e+00
   1.0950082e+00
   1.1157873e+00
   1.0999910e+00
   1.1251469e+00
   1.1386384e+00
   1.1370442e+00
   1.1184116e+00
   1.1336985e+00
   1.0521499e+00
   9.8674557e-01
   9.5902071e-01
   9.7153789e-01
   9.6401261e-01
   9.8098364e-01
   9.9474723e-01
   1.0075316e+00
   1.0281604e+00
   1.0465427e+00
   1.0574116e+00
   1.0840179e+00
   1.0797048e+00
   1.0724119e+00
   1.0860422e+00
   1.0668576e+00
   1.0347868e+00
   1.0357627e+00
   1.0230307e+00
   9.8029234e-01
   9.2395797e-01
   9.3591504e-01
   9.1308254e-01
   8.9560287e-01
   9.3620207e-01
   9.8365130e-01
   9.6601716e-01
   1.0343868e+00
   1.0986169e+00
   1.0976356e+00
   1.0700097e+00
   1.0749549e+00
   1.1148986e+00
   1.1010830e+00
   1.0876467e+00
   1.0591815e+00
   1.0273330e+00
   1.0479157e+00
   1.1050076e+00
   1.1248680e+00
   1.0670981e+00
   8.8369708e-01
   8.9802348e-01
   9.3399890e-01
   9.6905210e-01
   1.0059001e+00
   1.0359022e+00
   1.0620069e+00
   1.0508618e+00
   1.0716737e+00
   1.1368992e+00
   1.1856899e+00
   1.1451441e+00
   1.0348866e+00
   9.8180612e-01
   9.3537719e-01
   9.1510021e-01
   9.2472027e-01
   9.2215131e-01
   9.1292235e-01
   9.1540326e-01
   9.0875316e-01
   9.4701429e-01
   1.0351634e+00
   1.1077611e+00
   1.1290060e+00
   1.1328475e+00
   1.1867701e+00
   1.1117512e+00
   1.0908347e+00
   1.0873759e+00
   1.0730520e+00
   9.7622028e-01
   9.2111537e-01
   9.0157888e-01
   9.3447389e-01
   9.3279943e-01
   9.4185840e-01
   9.7108536e-01
   9.9186782e-01
   9.7794835e-01
   9.7279636e-01
   1.0077826e+00
   1.0688881e+00
   1.1048527e+00
   1.1043994e+00
   1.1265101e+00
   1.1245833e+00
   1.0564331e+00
   9.9055481e-01
   1.0015289e+00
   9.8229248e-01
   9.4947027e-01
   9.1250493e-01
   8.9545840e-01
   8.8676674e-01
   8.9420240e-01
   9.0928319e-01
   9.3959819e-01
   1.0081154e+00
   1.0835223e+00
   1.0628775e+00
   1.0409544e+00
   1.0894153e+00
   1.0804448e+00
   1.1030281e+00
   1.0943411e+00
   1.0140601e+00
   9.4436089e-01
   9.6254125e-01
   1.0013104e+00
   9.8846139e-01
   9.3599529e-01
   8.8350227e-01
   8.8256667e-01
   9.0479782e-01
   9.2159631e-01
   9.4627507e-01
   9.6815359e-01
   1.0086179e+00
   9.9851239e-01
   1.0144435e+00
   1.0856515e+00
   1.1563128e+00
   1.1243426e+00
   1.0487916e+00
   1.0335885e+00
   1.0039997e+00
   9.6206829e-01
   9.1918189e-01
   9.2385094e-01
   9.0052792e-01
   9.2116668e-01
   9.6993661e-01
   9.9415662e-01
   1.0829330e+00
   1.1346477e+00
   1.1559105e+00
   1.1951424e+00
   1.1987961e+00
   1.0702301e+00
   9.6340654e-01
   9.5288198e-01
   9.6913689e-01
   9.2451062e-01
   9.1681016e-01
   9.1023703e-01
   9.1248502e-01
   9.0498794e-01
   9.0781515e-01
   9.1646040e-01
   9.3792909e-01
   9.6311588e-01
   9.3767255e-01
   9.2894750e-01
   9.2685778e-01
   9.6333993e-01
   1.0104365e+00
   1.1029439e+00
   1.1906631e+00
   1.1508723e+00
   1.0506476e+00
   1.0484134e+00
   9.9940732e-01
   9.3514354e-01
   8.8919641e-01
   8.8728840e-01
   8.7493930e-01
   8.8383388e-01
   8.9487683e-01
   9.5042164e-01
   1.0337053e+00
   1.0813181e+00
   1.0228024e+00
   1.0289302e+00
   1.0618040e+00
   1.0341627e+00
   1.0363690e+00
   9.9724853e-01
   9.1408171e-01
   8.8306278e-01
   9.1615158e-01
   9.6250534e-01
   9.0803163e-01
   8.8814440e-01
   8.8573668e-01
   8.9180056e-01
   9.3982013e-01
   9.4618932e-01
   9.3674095e-01
   9.4968590e-01
   1.0072007e+00
   1.0611127e+00
   1.0253588e+00
   1.0384707e+00
   1.0672443e+00
   1.0908643e+00
   1.0532953e+00
   1.0510212e+00
   1.0437522e+00
   1.0142465e+00
   9.5838766e-01
   9.0105674e-01
   8.5465889e-01
   9.0225773e-01
   9.4821339e-01
   9.9283618e-01
   1.0420608e+00
   1.0628221e+00
   1.1313096e+00
   1.2170449e+00
   1.1795515e+00
   1.0973544e+00
   1.0074263e+00
   9.6834314e-01
   9.1097676e-01
   8.7006798e-01
   9.0562692e-01
   9.2885743e-01
   9.3675318e-01
   8.6415206e-01
   8.4395912e-01
   8.6278103e-01
   9.5684600e-01
   9.6765361e-01
   9.4018869e-01
   9.0461905e-01
   9.0525650e-01
   9.4070938e-01
   9.8946177e-01
   1.0705474e+00
   1.1529979e+00
   1.1729343e+00
   1.1577092e+00
   1.1035142e+00
   1.0396553e+00
   9.4587631e-01
   8.8475819e-01
   8.9757466e-01
   9.0658090e-01
   9.0790645e-01
   9.3190428e-01
   9.9045401e-01
   1.0517596e+00
   1.0693556e+00
   1.0766095e+00
   1.1033679e+00
   1.0505874e+00
   9.9533501e-01
   9.9278224e-01
   9.7984782e-01
   8.8947339e-01
   8.6979625e-01
   9.4577432e-01
   9.7347463e-01
   9.3240162e-01
   8.6543923e-01
   8.8375312e-01
   9.2551884e-01
   9.6746419e-01
   9.5323681e-01
   8.9681821e-01
   9.1539923e-01
   1.0111772e+00
   1.0481890e+00
   1.0296998e+00
   1.0433125e+00
   1.0434270e+00
   1.0550533e+00
   1.0349186e+00
   1.0141830e+00
   9.9362667e-01
   1.0045224e+00
   9.7402616e-01
   9.1187975e-01
   8.6830358e-01
   9.0841568e-01
   9.3064151e-01
   9.6033644e-01
   1.0044767e+00
   1.0604592e+00
   1.1473057e+00
   1.1925087e+00
   1.1469633e+00
   1.1316040e+00
   1.0633873e+00
   9.9938012e-01
   9.0756073e-01
   8.0846678e-01
   8.2933038e-01
   9.3006681e-01
   9.6207257e-01
   8.5606983e-01
   8.2356682e-01
   8.6751799e-01
   9.5260117e-01
   9.7439391e-01
   9.7252728e-01
   1.0046254e+00
   1.0154798e+00
   1.0040526e+00
   9.9186862e-01
   1.0556997e+00
   1.1061237e+00
   1.1268789e+00
   1.1245576e+00
   1.1025271e+00
   1.0905715e+00
   1.0309971e+00
   9.5736743e-01
   9.4015162e-01
   9.7594913e-01
   9.6709157e-01
   9.7765376e-01
   1.0257971e+00
   1.0842228e+00
   1.1458993e+00
   1.1838264e+00
   1.1616775e+00
   1.0990690e+00
   1.0346146e+00
   9.9653766e-01
   9.8466490e-01
   9.5377788e-01
   9.2502038e-01
   9.6959364e-01
   1.0164098e+00
   9.6798236e-01
   9.0343400e-01
   9.2148681e-01
   9.4677779e-01
   9.6034296e-01
   9.7007039e-01
   8.9526986e-01
   8.7559388e-01
   9.4661735e-01
   9.6732837e-01
   9.8449724e-01
   1.0064435e+00
   1.0759102e+00
   1.0690324e+00
   1.0430390e+00
   9.8195106e-01
   9.4783207e-01
   9.5199044e-01
   9.8827523e-01
   9.3691654e-01
   9.0726436e-01
   9.4146016e-01
   9.5462183e-01
   9.7945694e-01
   1.0364543e+00
   1.0969216e+00
   1.1577134e+00
   1.1007570e+00
   1.0567968e+00
   1.0522593e+00
   1.0047997e+00
   9.7002542e-01
   9.0735381e-01
   7.9528880e-01
   7.9186848e-01
   9.0686792e-01
   1.0222395e+00
   9.6250685e-01
   9.3340210e-01
   9.4633392e-01
   9.8866121e-01
   9.4702248e-01
   9.5851482e-01
   1.0153130e+00
   1.0347816e+00
   1.0240015e+00
   1.0339852e+00
   1.0516029e+00
   1.0560968e+00
   1.1107383e+00
   1.1073362e+00
   1.0623498e+00
   1.0408586e+00
   1.0165744e+00
   9.8388735e-01
   9.5771754e-01
   9.6803378e-01
   9.5252187e-01
   9.9702323e-01
   1.0208707e+00
   1.0721236e+00
   1.1380065e+00
   1.1492539e+00
   1.1130347e+00
   1.0519228e+00
   1.0214796e+00
   9.7812783e-01
   9.4753200e-01
   9.5658341e-01
   9.1481393e-01
   9.2615834e-01
   9.4875110e-01
   9.3545313e-01
   9.1757439e-01
   9.7223807e-01
   9.5372555e-01
   9.3593344e-01
   9.2822205e-01
   9.1623633e-01
   9.3151827e-01
   9.7557137e-01
   9.8414777e-01
   9.6443376e-01
   9.5322056e-01
   1.0246404e+00
   1.0982373e+00
   1.0777595e+00
   1.0093690e+00
   9.5977745e-01
   9.6175520e-01
   9.8835496e-01
   9.7519786e-01
   9.4638773e-01
   9.6063701e-01
   9.3389427e-01
   9.6751672e-01
   1.0700168e+00
   1.1709205e+00
   1.1394515e+00
   1.0728891e+00
   1.0161270e+00
   1.0059455e+00
   9.1342606e-01
   8.8026005e-01
   8.5226802e-01
   8.2293838e-01
   8.3778397e-01
   9.1920738e-01
   1.0453696e+00
   1.0201504e+00
   1.0139239e+00
   1.0128662e+00
   9.9490708e-01
   9.3379549e-01
   9.5720071e-01
   9.9467592e-01
   9.7997591e-01
   9.4858180e-01
   9.7357365e-01
   1.0575630e+00
   1.1109664e+00
   1.1838172e+00
   1.1527286e+00
   1.0289441e+00
   9.8919153e-01
   9.7402327e-01
   9.8178383e-01
   9.2400347e-01
   9.1186694e-01
   9.3642204e-01
   9.9611120e-01
   9.7948243e-01
   1.0557399e+00
   1.1151851e+00
   1.1156657e+00
   1.0725904e+00
   1.0214250e+00
   9.6373714e-01
   9.1224260e-01
   8.7299105e-01
   8.8626677e-01
   9.0709900e-01
   9.4732468e-01
   9.8073288e-01
   9.3959493e-01
   9.5472182e-01
   1.0362789e+00
   9.6343472e-01
   9.2878516e-01
   9.6558309e-01
   9.5727789e-01
   9.8987799e-01
   1.0399668e+00
   1.0402623e+00
   1.0117039e+00
   9.7682410e-01
   1.0169979e+00
   1.0851810e+00
   1.1138606e+00
   1.0685225e+00
   1.0389485e+00
   9.8074557e-01
   9.8285576e-01
   9.4645259e-01
   9.4921164e-01
   9.3816254e-01
   9.3348552e-01
   9.8531067e-01
   1.1625858e+00
   1.2313181e+00
   1.1591020e+00
   1.1075940e+00
   1.0974510e+00
   1.0534567e+00
   9.0647557e-01
   8.2985728e-01
   8.4362802e-01
   8.9106551e-01
   9.3455702e-01
   9.9021924e-01
   1.0713454e+00
   1.0405965e+00
   1.0403654e+00
   1.0521228e+00
   1.0218964e+00
   9.6018310e-01
   9.5259604e-01
   9.5021085e-01
   9.1503640e-01
   8.9155399e-01
   9.5308067e-01
   1.0828179e+00
   1.1481234e+00
   1.2108694e+00
   1.2153427e+00
   1.0891845e+00
   1.0172077e+00
   9.5993485e-01
   9.3773915e-01
   8.8102290e-01
   8.5087045e-01
   9.3765931e-01
   9.8727110e-01
   9.8200613e-01
   1.0513017e+00
   1.1165386e+00
   1.1472030e+00
   1.1008985e+00
   1.0074594e+00
   9.3318815e-01
   8.5356305e-01
   8.2337133e-01
   8.2358796e-01
   8.6981525e-01
   9.7326191e-01
   1.0223389e+00
   9.7392504e-01
   1.0009765e+00
   1.1584945e+00
   1.0684726e+00
   1.0095907e+00
   1.0034448e+00
   9.7361717e-01
   9.5097438e-01
   9.1819316e-01
   9.6289087e-01
   1.0052110e+00
   9.8494582e-01
   1.0184922e+00
   1.0308612e+00
   1.0299216e+00
   1.0392464e+00
   1.0331760e+00
   9.9909867e-01
   9.6095476e-01
   9.0652132e-01
   8.7528782e-01
   8.6764152e-01
   9.2953626e-01
   1.0817843e+00
   1.1840444e+00
   1.1577106e+00
   1.0331354e+00
   1.0493039e+00
   1.1003226e+00
   1.0534541e+00
   9.5992851e-01
   8.4352647e-01
   8.1137101e-01
   8.8987600e-01
   9.8493565e-01
   1.0639359e+00
   1.0935253e+00
   1.1130870e+00
   1.1225831e+00
   1.1092129e+00
   1.0313962e+00
   1.0076713e+00
   9.9113965e-01
   9.6751539e-01
   9.0339062e-01
   9.1590722e-01
   9.8737951e-01
   1.0522821e+00
   1.0999555e+00
   1.1195545e+00
   1.1261398e+00
   1.0951242e+00
   1.0136799e+00
   9.2633181e-01
   9.1663866e-01
   8.7613281e-01
   8.2553577e-01
   9.1493128e-01
   9.7271819e-01
   9.9667108e-01
   1.0592401e+00
   1.1377199e+00
   1.1439842e+00
   1.0722948e+00
   9.7287492e-01
   8.8203154e-01
   8.7304508e-01
   8.5686273e-01
   8.7715023e-01
   9.5381367e-01
   1.0183388e+00
   1.0540714e+00
   1.0867652e+00
   1.1241418e+00
   1.2499778e+00
   1.1604094e+00
   1.0862298e+00
   1.0118101e+00
   9.1946362e-01
   8.5535520e-01
   8.3966995e-01
   9.2592662e-01
   9.6902664e-01
   9.6252500e-01
   1.0236056e+00
   1.0638280e+00
   1.0399078e+00
   1.0146400e+00
   9.7618388e-01
   9.4411072e-01
   9.0116239e-01
   8.6514771e-01
   8.1293242e-01
   8.5067221e-01
   9.7906526e-01
   1.0746466e+00
   1.1060515e+00
   1.0562561e+00
   9.8487350e-01
   1.0220107e+00
   1.0458672e+00
   9.7732307e-01
   9.8927680e-01
   9.3493825e-01
   8.8129282e-01
   9.2103141e-01
   1.0379342e+00
   1.1490080e+00
   1.1815158e+00
   1.1911110e+00
   1.2121793e+00
   1.1532332e+00
   1.0522900e+00
   9.6937627e-01
   9.4450364e-01
   9.4657206e-01
   9.0124000e-01
   9.4471923e-01
   9.7352248e-01
   9.8619379e-01
   1.0294336e+00
   1.0930458e+00
   1.1131644e+00
   1.1054642e+00
   1.0193237e+00
   8.9570154e-01
   8.7117342e-01
   8.5989549e-01
   7.9728366e-01
   8.8570793e-01
   9.1345983e-01
   9.5925247e-01
   1.0507830e+00
   1.1313994e+00
   1.0642532e+00
   9.7989448e-01
   9.2260367e-01
   8.9711584e-01
   9.1893431e-01
   9.0853756e-01
   9.3330865e-01
   9.8749737e-01
   1.0879566e+00
   1.1235446e+00
   1.1713333e+00
   1.2024082e+00
   1.3116982e+00
   1.1675109e+00
   1.0459909e+00
   9.4076113e-01
   8.9228790e-01
   9.0947831e-01
   8.8417099e-01
   9.3892735e-01
   9.3922645e-01
   9.2513427e-01
   1.0304327e+00
   1.1265754e+00
   1.1583109e+00
   1.1270022e+00
   1.0208840e+00
   9.0894405e-01
   8.5766789e-01
   8.1095803e-01
   7.6645820e-01
   8.4988091e-01
   9.2641331e-01
   9.9356674e-01
   1.1048354e+00
   1.1187566e+00
   1.0441261e+00
   1.0007755e+00
   9.8503149e-01
   9.5295234e-01
   9.7009298e-01
   9.4129236e-01
   9.3676808e-01
   9.6866591e-01
   1.0206094e+00
   1.1856119e+00
   1.2329408e+00
   1.2745078e+00
   1.3116982e+00
   1.1675109e+00
   1.0459909e+00
   9.4076113e-01
   8.9228790e-01
   9.0947831e-01
   8.8417099e-01
   9.3892735e-01
   9.3922645e-01
   9.2513427e-01
   1.0304327e+00
   1.1265754e+00
   1.1583109e+00
   1.1270022e+00
   1.0208840e+00
   9.0894405e-01
   8.5766789e-01
   8.1095803e-01
   7.6645820e-01
   8.4988091e-01
   9.2641331e-01
   9.9356674e-01
   1.1048354e+00
   1.1187566e+00
   1.0441261e+00
   1.0007755e+00
   9.8503149e-01
   9.5295234e-01
   9.7009298e-01
   9.4129236e-01
   9.3676808e-01
   9.6866591e-01
   1.0206094e+00
   1.1856119e+00
   1.2329408e+00
   1.2745078e+00
