8.0934
15.434
9.7588
0.28719
0.3668
0.73365
0.73283
0.22209
0.10634
1.4129
1.884
0.82783
0.60617
0.56883
2.7957
13.865
10.908
1.6475
0.94392
0.57857
1.7008
1.3682
0.98399
1.0864
0.58653
1.378
0.16949
1.0223
0.66824
0.35604
0.73113
0.95744
0.83393
2.2255
0.28961
0.99446
2.0111
0.44153
0.67333
1.6042
0.77347
0.27953
0.69237
2.287
1.7683
1.0202
0.6782
0.65686
0.35098
0.43848
1.688
0.19497
0.55927
0.78318
0.30848
0.41905
0.4979
1.4474
0.35807
1.4728
0.23238
2.6352
0.74398
0.99183
2.9732
14.132
1.2191
0.56593
0.16682
1.4493
1.1983
1.2423
0.20856
0.64208
0.27714
4.1799
0.4807
0.69858
0.12395
1.8773
0.36752
0.22564
0.15557
1.032
3.3513
0.1964
0.2984
0.14984
1.1077
1.9227
2.2632
0.080907
0.20493
0.55712
0.70136
1.8091
0.13847
0.28129
0.26389
0.20513
0.39777
0.88344
0.2911
0.20943
0.056958
0.37734
2.4304
0.18519
0.94164
0.32844
1.1474
1.814
0.2984
0.29636
0.33716
0.90693
0.3248
0.45127
0.59851
0.056703
0.62003
1.4227
0.19569
1.5952
0.25316
0.63706
0.30801
0.85888
0.36689
0.50988
0.61341
0.73813
0.4415
0.25061
0.19065
0.33621
1.8638
0.18886
0.070419
0.42309
0.32364
1.852
0.60303
0.9698
3.3643
0.33885
1.4511
0.82601
0.32117
0.56217
0.20323
3.1961
0.095545
0.96898
0.44153
0.82473
0.10709
0.22258
0.12149
0.4865
1.0499
1.2504
0.10807
0.16428
0.35574
0.15179
0.77695
1.2883
0.58688
0.41405
0.42366
0.60005
2.506
4.8304
0.46892
0.52539
0.07963
0.13559
2.9569
0.24445
0.15595
0.60789
0.17647
0.097993
0.25161
0.23892
0.086383
0.98918
0.53325
0.40351
0.53533
0.90483
0.1361
2.2511
0.21314
0.30176
0.31262
0.3199
0.41454
0.28624
0.85251
0.29644
0.89928
1.4744
1.1458
0.43347
0.77398
2.19
0.27452
0.14338
0.28762
0.49971
0.31696
0.21042
0.50459
0.59672
0.19289
0.39134
0.75498
0.46275
0.24695
0.22489
0.47284
0.22874
0.44838
0.26292
0.19045
0.45091
0.53462
0.87993
0.83111
0.36357
0.050036
0.037384
0.29677
0.13248
0.070228
0.52449
0.062217
0.3379
0.2267
0.51033
0.26652
0.50993
0.35933
0.078564
0.25047
0.19296
0.67471
0.4807
0.15292
0.16262
0.087222
0.15241
0.32269
0.047981
0.18688
0.46418
0.73255
0.61847
0.12954
0.034951
0.24047
0.022348
0.44256
0.67097
0.080765
0.10769
0.91818
0.080791
0.588
0.46277
0.10104
0.40031
0.065862
0.1426
0.81749
0.37599
0.31837
0.90484
0.14702
0.13587
0.31651
0.1493
0.082635
0.66131
0.23967
0.58826
0.15656
0.166
0.13333
0.19133
0.24751
0.70124
0.12542
0.53001
0.048955
0.10444
1.4395
1.6211
0.13678
0.096623
0.1242
1.2462
0.20679
0.36386
0.16097
0.10461
0.17301
0.36032
0.075265
0.056138
0.13284
0.21363
0.55574
0.4388
1.042
0.12312
0.67475
1.8313
0.059018
0.13906
2.2495
0.22385
2.7872
0.79931
0.2045
0.26375
0.52188
0.76427
0.25264
0.34997
0.69231
0.51573
0.6722
0.19189
0.10225
0.52222
0.38063
0.070923
0.24899
0.33963
0.45001
0.41289
0.064713
2.6527
0.19763
0.35123
0.37307
0.26612
0.0329
0.13929
0.21921
0.12865
0.56282
0.24379
0.12187
0.23996
0.063646
0.16064
0.18494
0.16278
0.15749
0.44732
0.29092
0.055369
0.56563
1.8127
0.13831
3.0232
0.18361
0.086165
0.98621
0.22662
0.2811
0.085952
0.14468
0.10987
0.20614
0.33986
0.13283
0.098062
0.11065
0.24425
0.08863
0.32254
2.5107
0.19622
0.26948
0.20721
0.22204
0.80872
0.2767
0.41715
0.049762
0.28992
0.21584
0.17855
1.5772
0.18847
0.79882
0.42279
0.11029
0.1256
0.35227
0.15216
1.2414
0.49036
0.65985
0.60995
0.4119
0.68383
0.41137
0.097311
0.17731
0.34199
0.14367
0.75985
0.056581
0.43418
0.5655
0.16329
0.33654
0.078555
0.16475
0.21072
0.048043
0.091119
0.2135
0.34094
0.052172
0.080833
0.35024
0.31244
0.18818
0.051055
0.88739
0.4896
0.79465
0.15499
0.88535
2.657
0.2346
0.11526
0.052104
0.065038
0.12934
1.6424
2.0568
1.0711
0.070062
0.058031
0.15643
0.22644
0.78914
0.47471
0.4101
1.3945
0.13304
2.6688
1.492
0.091984
0.48734
0.45125
1.747
11.006
0.10874
0.098916
1.3111
0.11399
0.13052
0.1615
0.045868
0.036293
0.062277
0.55639
0.081012
0.28167
0.047625
0.10904
0.32538
0.076219
0.079135
0.19683
0.060139
0.29088
0.18338
6.249
2.8231
2.7057
0.027653
0.83471
0.39279
5.4671
1.4697
2.3412
0.62952
0.30079
0.10761
0.14703
0.42051
0.26829
0.27675
0.15563
0.33532
0.48785
0.73949
0.40773
0.23156
5.8855
0.049209
0.29449
0.1185
1.3559
0.14404
0.16761
0.031844
0.061423
0.21839
3.9603
0.058912
0.030405
0.11573
0.035844
0.11237
0.12485
0.10354
0.13596
0.67946
0.13162
0.078411
0.099253
0.069705
2.1315
0.18362
0.071925
0.33777
0.95093
0.096267
0.616
0.33115
1.8869
0.315
0.051344
3.1421
1.2977
0.18301
2.5941
0.048984
0.70219
1.272
0.12686
0.40442
0.047346
0.12022
0.22098
0.58907
0.18797
0.060147
1.7104
0.61686
0.099683
0.64668
0.28634
0.15806
0.63256
0.09665
1.5835
0.10153
0.27718
0.13839
0.34171
1.3029
0.13138
1.7193
7.8631
0.11015
0.11719
0.49074
0.10606
0.17133
0.1045
0.061248
0.15988
0.47271
0.32252
0.75121
0.25105
0.19979
0.20843
0.25422
0.65173
0.37544
0.1399
0.12582
0.03959
0.37135
0.04935
0.20737
1.335
0.24257
0.067815
0.39601
0.97958
0.087737
0.52714
0.040154
1.0331
0.12935
0.067135
2.1605
0.10539
0.17608
0.16383
1.2473
0.90714
0.070462
0.040911
0.2264
0.6313
0.29183
0.60291
0.38328
0.080085
0.97034
0.19404
0.64127
0.28665
0.037401
0.3676
2.5712
1.1993
1.3185
0.82825
0.7463
2.7305
0.23966
0.055817
0.27525
0.075873
0.27797
0.47108
0.19285
0.19035
0.66795
0.62416
0.14305
1.1954
0.42672
0.24254
0.08571
0.22358
0.64941
0.12102
0.54896
0.11782
0.67863
0.53501
0.21715
0.063425
0.65057
0.23362
0.2044
0.14922
0.037457
0.93975
0.48106
0.94423
3.9434
0.61581
0.31138
0.45216
0.63696
0.54626
0.16659
0.10403
0.066177
0.75655
0.33285
0.076218
0.10875
0.39428
0.37574
0.12921
0.50056
0.05442
0.2459
5.5409
0.16427
0.12345
0.29032
0.21997
0.29444
1.1983
0.78279
0.090481
0.23672
0.079076
0.59031
0.035735
1.7555
0.57618
0.11536
0.54466
0.46347
0.18459
0.13831
2.3626
0.24549
0.17088
0.44513
0.30596
0.061604
0.50546
0.25087
0.077092
0.28248
0.059722
0.25853
0.083852
1.4283
0.30965
0.24594
0.086091
0.24575
0.10888
0.87942
0.51575
0.050649
0.12942
0.42498
1.6027
0.87816
5.1975
0.097388
0.026179
0.044144
0.02578
0.085229
0.29181
0.1283
0.080098
0.14727
0.033401
0.70067
0.36983
2.0814
1.0618
0.28766
1.4723
0.13675
0.32682
0.10566
0.33866
0.091812
0.2222
0.045579
1.8732
2.0671
0.37969
0.062984
0.14367
0.1308
0.78279
0.025093
0.41884
1.2263
0.079313
4.503
0.068566
0.16558
0.097433
0.061448
0.036893
0.057135
0.2969
0.14019
0.21292
0.073451
0.11406
0.13018
0.10911
0.24982
0.11897
0.24325
0.083472
0.16092
1.6841
0.15448
0.11685
5.2061
0.84953
1.002
2.5868
0.46158
1.3004
0.65644
0.55293
0.094494
0.62092
0.084122
0.082723
0.21655
0.36858
0.38238
5.8949
0.37178
1.2232
0.13399
0.17823
0.11889
0.17021
0.060818
0.17137
0.14589
0.16398
1.9063
0.073761
0.13837
0.87689
0.80026
0.42646
0.3013
0.11675
0.25044
0.12882
0.08466
0.08388
0.21016
0.013346
0.090396
0.41523
1.7509
0.33449
0.091901
0.19962
0.086661
1.3918
0.17449
0.98766
0.11306
20.568
0.29984
0.44971
0.058526
0.55943
0.14498
0.38627
0.13178
0.10052
0.15333
1.5635
0.090417
0.31667
0.14895
3.4436
0.16837
0.074608
0.32186
0.12138
6.3159
0.12323
0.31424
0.061535
0.32427
0.088925
0.53564
0.35903
0.30931
0.64482
0.07909
0.071372
0.20242
1.5487
0.27678
0.11581
0.15944
0.43355
0.56342
0.21981
0.84708
0.19904
0.27778
0.06757
0.17412
0.03823
3.2357
0.09599
0.33402
0.60974
0.11707
3.6215
1.3325
0.87002
0.20327
0.78132
0.44876
0.037128
0.095693
0.38946
0.414
0.85335
0.13455
0.095174
0.087698
1.0821
0.088529
12.941
0.034933
3.5754
0.28797
0.13671
0.077976
0.093982
0.64728
0.23913
0.51211
1.1702
0.32626
0.28093
0.10227
0.26325
0.25661
0.053561
0.055619
0.38607
0.33505
0.065005
0.063591
0.19474
0.237
0.055675
0.053166
0.072178
0.063041
1.5279
0.10905
0.061877
0.067497
0.58543
0.066235
0.94598
0.083262
3.1479
0.11933
0.10738
0.060517
24.407
0.063433
2.7626
0.040001
0.46806
3.7897
0.58011
0.047795
0.19574
1.0526
0.36046
3.1464
21.625
0.18199
0.95346
0.073433
0.09733
0.29079
0.3179
0.54102
0.21097
0.33474
0.12045
0.23589
0.38239
0.27643
0.083912
0.65897
0.16647
0.072638
0.1103
0.41868
0.32227
0.4341
0.11208
0.2377
0.13384
0.61998
0.065412
0.32218
0.072418
15.916
0.39261
0.30107
0.20412
0.05285
0.16578
3.7806
1.7265
0.14978
0.09982
0.37453
0.12214
0.10572
0.46013
0.27823
0.098329
0.17874
0.38437
0.204
0.46289
0.064369
0.85737
0.24069
1.9365
0.092421
0.57579
0.47468
0.60444
1.3029
0.51993
2.288
0.061439
0.26997
0.062022
0.072407
0.14256
0.082164
0.35821
0.30233
0.4402
0.24672
0.61051
0.070753
0.10672
0.083173
0.071404
0.15505
0.15532
0.054742
0.2324
1.1108
22.578
3.1446
5.1739
0.27569
0.48063
0.53938
0.14705
0.050823
0.07125
0.097568
0.05717
0.20974
0.57204
0.13248
0.83748
0.20205
0.06363
0.048291
0.31574
0.086502
0.05079
0.14755
0.16032
2.8105
3.1306
0.54896
11.479
0.10942
0.63541
0.29246
0.78738
0.13852
0.12916
0.10519
0.25074
0.17692
0.1405
0.11925
0.046863
0.028755
0.028952
4.13
5.296
0.082328
0.20688
0.062349
0.080155
0.11268
1.4819
0.053447
0.14735
0.071308
1.3004
0.2135
0.073054
0.77481
0.35794
0.028071
0.51059
2.965
0.080504
1.1095
0.21608
0.18554
0.088637
0.099068
0.22245
0.073649
0.19817
0.033201
0.041587
1.1372
0.15423
2.8883
1.0831
0.24975
0.5208
0.14499
0.54995
0.31558
0.022741
0.55034
0.10281
0.28928
0.05921
8.1342
0.059617
0.38624
0.082693
0.24778
0.14734
0.12175
0.040919
0.55864
0.067534
0.1822
7.6981
0.63607
0.61465
0.091084
0.32893
0.067536
0.25677
0.051101
0.25403
0.13637
0.13737
0.043804
3.5315
0.23895
1.3393
0.18544
0.4835
0.12439
0.11523
0.060322
0.028272
0.1564
0.10277
3.99
0.68912
0.33116
0.074746
0.08818
0.1396
0.13774
0.10159
0.061563
0.2042
0.308
0.075834
0.77847
0.040848
0.15371
0.45036
0.073717
0.12439
0.30127
0.063345
0.097238
0.030026
0.11471
25.975
0.079888
0.16404
0.1356
6.0521
0.17487
1.2708
0.11196
0.058965
0.35394
0.027043
0.098862
0.11399
1.1078
0.054935
0.1231
0.074939
25.235
0.1149
4.8311
0.16513
0.1187
0.13785
0.4647
0.068766
0.12247
0.66564
0.04792
0.10285
0.13058
0.047068
0.079666
0.607
0.056017
0.1936
0.1658
0.19955
0.063236
0.045463
0.094886
0.035825
0.037479
24.97
0.074762
5.2467
0.4694
0.14675
19.627
0.24042
0.078762
0.096081
0.55624
0.15001
0.040705
0.053923
0.091117
0.18378
1.1637
0.2275
1.2182
0.094058
0.57948
0.06517
1.129
0.082831
0.92281
0.13583
0.1808
0.080488
0.11351
0.62001
0.026529
0.025889
0.076079
0.06135
0.21285
0.083464
11.596
0.54344
0.95775
0.049592
0.18054
17.272
0.081811
0.57538
0.050236
0.063486
0.35849
0.21095
0.051954
0.10973
1.0747
0.11103
0.46265
0.61633
0.27732
0.068549
0.036609
0.088099
0.031272
0.095974
0.10292
0.2577
15.609
3.7783
19.691
2.6685
0.53697
0.13751
0.50972
0.7518
0.043811
0.055238
0.72586
0.066525
0.30634
0.07639
0.038316
6.9598
0.25453
0.10633
