VERSION:    3.1
ELEMENTS:              1
DATE:       Feb 06, 2015 18:49:53.**
CHANNELS:           2048
ROIS:        14
REAL_TIME:   180.0000000
LIVE_TIME:   174.8597260
CAL_OFFSET:  -9.2821151e-02
CAL_SLOPE:   9.5961029e-03
CAL_QUAD:    0.0000000e+00
TWO_THETA:   10.0000000
ROI_0_LEFT:   353
ROI_0_RIGHT:   403
ROI_0_LABEL: Na Ka & 
ROI_1_LEFT:   441
ROI_1_RIGHT:   491
ROI_1_LABEL: Mg Ka & 
ROI_2_LEFT:   517
ROI_2_RIGHT:   567
ROI_2_LABEL: Al Ka & 
ROI_3_LEFT:   610
ROI_3_RIGHT:   660
ROI_3_LABEL: Si Ka & 
ROI_4_LEFT:   714
ROI_4_RIGHT:   764
ROI_4_LABEL: P Ka & 
ROI_5_LEFT:   775
ROI_5_RIGHT:   825
ROI_5_LABEL: 2185eV & 
ROI_6_LEFT:   825
ROI_6_RIGHT:   875
ROI_6_LABEL: S Ka & 
ROI_7_LEFT:   900
ROI_7_RIGHT:   950
ROI_7_LABEL: 2535eV & 
ROI_8_LEFT:   930
ROI_8_RIGHT:   980
ROI_8_LABEL: Cl Ka & 
ROI_9_LEFT:   1012
ROI_9_RIGHT:   1062
ROI_9_LABEL: 2850eV & 
ROI_10_LEFT:   1054
ROI_10_RIGHT:   1102
ROI_10_LABEL: Ar Ka & 
ROI_11_LEFT:   1191
ROI_11_RIGHT:   1241
ROI_11_LABEL: K Ka & 
ROI_12_LEFT:   1329
ROI_12_RIGHT:   1379
ROI_12_LABEL: Ca Ka & 
ROI_13_LEFT:   1443
ROI_13_RIGHT:   1493
ROI_13_LABEL: 4100eV & 
DATA: 
 0
 0
 0
 0
 0
 0
 0
 0
 0
 0
 0
 0
 0
 0
 0
 0
 0
 0
 0
 0
 0
 0
 0
 0
 0
 0
 0
 0
 0
 0
 0
 0
 0
 0
 0
 0
 0
 0
 0
 0
 0
 0
 0
 0
 0
 0
 0
 0
 0
 0
 0
 0
 0
 0
 0
 0
 0
 0
 0
 0
 0
 0
 0
 0
 0
 0
 0
 0
 0
 0
 0
 0
 0
 0
 0
 0
 0
 0
 0
 0
 0
 0
 0
 0
 0
 0
 0
 0
 0
 0
 0
 0
 0
 0
 0
 0
 0
 0
 0
 0
 0
 0
 0
 0
 0
 0
 0
 0
 0
 0
 0
 0
 0
 0
 0
 0
 0
 0
 1
 0
 0
 0
 0
 0
 1
 0
 0
 0
 0
 0
 1
 1
 1
 1
 1
 1
 1
 1
 1
 2
 1
 3
 6
 5
 6
 8
 12
 21
 19
 24
 33
 43
 56
 79
 75
 99
 100
 73
 101
 116
 115
 114
 114
 112
 96
 91
 81
 52
 63
 54
 46
 46
 49
 39
 40
 55
 45
 48
 70
 59
 58
 73
 69
 76
 88
 99
 111
 86
 118
 105
 145
 139
 157
 166
 160
 213
 203
 274
 335
 348
 412
 445
 577
 678
 699
 837
 994
 1112
 1288
 1421
 1599
 1836
 2178
 2577
 3259
 4120
 5215
 6696
 8590
 10356
 12605
 15027
 17464
 19300
 21245
 22129
 22642
 22817
 22112
 20632
 18516
 16277
 14025
 11570
 9176
 7136
 5305
 3861
 2748
 2016
 1460
 1074
 984
 864
 1037
 1102
 1364
 1656
 2098
 2430
 3102
 3597
 4030
 4354
 4698
 5033
 4920
 4944
 4731
 4393
 4000
 3385
 3014
 2525
 1896
 1551
 1189
 825
 658
 473
 308
 198
 141
 103
 65
 45
 33
 37
 28
 22
 17
 26
 12
 29
 10
 15
 19
 20
 18
 12
 19
 14
 14
 16
 13
 16
 11
 22
 15
 16
 13
 16
 19
 18
 13
 14
 9
 12
 18
 13
 11
 11
 16
 13
 8
 15
 13
 11
 13
 13
 15
 9
 12
 12
 12
 12
 5
 7
 12
 12
 17
 9
 16
 12
 14
 14
 10
 5
 8
 13
 11
 13
 10
 12
 10
 8
 7
 14
 7
 12
 15
 5
 9
 4
 7
 4
 6
 4
 5
 3
 4
 5
 5
 5
 6
 6
 1
 4
 6
 5
 6
 6
 4
 8
 8
 4
 3
 7
 4
 4
 5
 4
 5
 3
 4
 3
 4
 3
 6
 7
 7
 6
 4
 3
 6
 9
 2
 0
 6
 5
 5
 3
 2
 3
 5
 9
 4
 6
 3
 3
 4
 6
 9
 5
 9
 9
 11
 15
 13
 15
 14
 11
 16
 17
 16
 10
 16
 18
 16
 17
 21
 18
 18
 19
 18
 21
 23
 25
 14
 15
 33
 25
 20
 19
 27
 27
 26
 36
 25
 21
 35
 27
 21
 25
 28
 20
 28
 23
 17
 15
 11
 10
 13
 12
 8
 7
 11
 13
 5
 9
 13
 10
 12
 9
 9
 8
 9
 12
 8
 10
 9
 12
 9
 10
 7
 11
 7
 10
 10
 6
 12
 2
 2
 4
 0
 1
 6
 2
 1
 2
 0
 1
 5
 5
 2
 2
 1
 2
 4
 4
 2
 4
 1
 1
 2
 5
 3
 0
 0
 0
 1
 3
 4
 1
 5
 4
 3
 1
 1
 1
 4
 0
 0
 1
 2
 2
 2
 2
 1
 1
 1
 3
 1
 0
 3
 1
 3
 3
 1
 3
 3
 4
 0
 0
 5
 4
 2
 1
 4
 6
 1
 5
 3
 0
 4
 2
 1
 4
 4
 3
 4
 3
 9
 2
 3
 2
 2
 6
 6
 5
 7
 6
 2
 8
 2
 3
 2
 5
 4
 4
 3
 3
 2
 5
 3
 3
 3
 4
 6
 2
 5
 3
 4
 5
 7
 4
 8
 7
 4
 6
 7
 3
 5
 7
 1
 5
 5
 5
 5
 4
 4
 6
 6
 6
 4
 9
 6
 4
 9
 8
 5
 6
 6
 11
 4
 3
 5
 3
 5
 3
 7
 7
 3
 9
 4
 5
 7
 8
 7
 8
 6
 5
 5
 7
 10
 7
 6
 13
 8
 6
 6
 7
 3
 12
 15
 15
 10
 16
 6
 14
 15
 9
 18
 6
 15
 17
 18
 18
 21
 15
 20
 13
 18
 24
 13
 23
 19
 18
 18
 32
 23
 25
 18
 27
 13
 18
 31
 25
 19
 19
 25
 21
 25
 28
 26
 28
 22
 19
 18
 20
 19
 18
 17
 32
 24
 24
 22
 19
 28
 24
 28
 28
 21
 23
 26
 19
 18
 26
 23
 15
 26
 16
 23
 29
 26
 23
 27
 24
 26
 23
 25
 18
 26
 25
 16
 28
 18
 20
 25
 16
 21
 16
 15
 16
 16
 19
 16
 21
 16
 22
 15
 19
 16
 11
 6
 8
 15
 13
 16
 13
 19
 21
 20
 11
 15
 17
 13
 10
 12
 5
 8
 5
 16
 9
 12
 14
 13
 10
 8
 9
 11
 14
 11
 10
 11
 14
 6
 10
 19
 10
 16
 12
 14
 10
 7
 18
 12
 11
 13
 16
 14
 9
 6
 9
 10
 3
 4
 15
 9
 9
 8
 3
 9
 9
 4
 9
 10
 7
 8
 11
 6
 8
 6
 10
 8
 11
 10
 13
 3
 9
 6
 8
 7
 9
 8
 5
 7
 7
 6
 9
 9
 6
 7
 8
 7
 7
 5
 18
 7
 8
 7
 6
 12
 7
 9
 12
 5
 6
 7
 4
 7
 5
 7
 5
 9
 3
 6
 10
 2
 7
 8
 9
 14
 5
 4
 10
 10
 10
 15
 25
 31
 70
 92
 151
 209
 277
 363
 490
 571
 646
 755
 837
 939
 961
 957
 924
 849
 795
 746
 646
 533
 455
 307
 264
 180
 128
 83
 65
 36
 27
 15
 10
 3
 5
 3
 4
 1
 0
 0
 0
 2
 2
 0
 0
 2
 2
 1
 1
 2
 2
 0
 1
 1
 2
 0
 1
 0
 2
 3
 2
 1
 0
 1
 2
 1
 2
 1
 0
 1
 0
 0
 1
 4
 1
 1
 1
 1
 1
 0
 1
 2
 1
 0
 2
 0
 0
 2
 0
 3
 1
 0
 1
 1
 0
 0
 1
 2
 0
 0
 0
 0
 0
 1
 0
 0
 0
 0
 0
 1
 0
 0
 0
 0
 0
 1
 0
 1
 1
 0
 1
 0
 0
 1
 0
 4
 2
 0
 0
 0
 0
 2
 0
 0
 0
 0
 0
 1
 0
 1
 0
 2
 1
 1
 1
 0
 1
 0
 1
 0
 0
 0
 0
 0
 0
 0
 0
 0
 0
 2
 1
 3
 0
 0
 2
 1
 0
 0
 0
 1
 0
 0
 0
 0
 1
 0
 1
 1
 0
 0
 0
 0
 1
 2
 0
 1
 1
 1
 1
 1
 2
 0
 0
 0
 0
 1
 1
 0
 0
 0
 1
 2
 0
 1
 1
 1
 0
 1
 1
 1
 1
 1
 1
 1
 1
 3
 1
 0
 1
 0
 1
 2
 0
 1
 0
 2
 0
 0
 1
 0
 1
 2
 1
 5
 1
 4
 3
 4
 4
 2
 2
 6
 1
 2
 0
 1
 1
 3
 1
 2
 0
 0
 1
 0
 0
 1
 1
 1
 0
 0
 0
 0
 0
 0
 0
 0
 0
 0
 1
 0
 0
 1
 0
 0
 0
 0
 2
 0
 0
 0
 1
 0
 1
 0
 0
 0
 0
 0
 0
 0
 0
 0
 0
 0
 0
 0
 0
 0
 0
 0
 0
 1
 1
 0
 0
 1
 0
 0
 0
 1
 0
 0
 0
 0
 1
 0
 0
 1
 1
 0
 0
 0
 0
 0
 0
 0
 0
 0
 0
 0
 1
 0
 0
 0
 0
 1
 0
 0
 0
 1
 0
 0
 0
 0
 1
 0
 0
 1
 0
 0
 0
 0
 0
 3
 1
 3
 1
 4
 1
 2
 4
 6
 9
 6
 9
 1
 5
 1
 9
 3
 4
 4
 3
 0
 3
 0
 1
 0
 2
 0
 1
 0
 0
 0
 0
 0
 1
 0
 0
 0
 0
 0
 1
 0
 0
 0
 0
 0
 0
 0
 0
 0
 0
 0
 0
 0
 0
 0
 1
 0
 0
 0
 0
 0
 0
 0
 0
 0
 0
 0
 0
 0
 0
 0
 0
 0
 0
 0
 0
 0
 0
 0
 0
 0
 0
 0
 0
 0
 0
 0
 0
 0
 0
 0
 1
 0
 0
 0
 0
 0
 0
 0
 1
 0
 0
 0
 0
 0
 0
 0
 0
 0
 0
 1
 0
 0
 0
 0
 0
 0
 0
 0
 0
 0
 0
 0
 0
 0
 0
 0
 0
 0
 0
 0
 0
 1
 0
 0
 0
 0
 0
 0
 0
 0
 0
 0
 1
 0
 0
 0
 0
 0
 0
 0
 0
 0
 1
 0
 1
 0
 3
 1
 1
 0
 1
 2
 0
 2
 0
 0
 0
 0
 0
 0
 0
 1
 0
 0
 0
 0
 0
 1
 0
 0
 0
 0
 0
 0
 0
 1
 0
 0
 0
 0
 0
 0
 0
 0
 0
 0
 0
 0
 0
 0
 0
 0
 0
 0
 0
 1
 0
 0
 1
 0
 0
 0
 0
 0
 0
 0
 0
 0
 0
 0
 0
 0
 0
 0
 0
 0
 0
 0
 0
 0
 0
 0
 0
 0
 0
 0
 0
 1
 0
 0
 0
 0
 0
 0
 0
 0
 0
 0
 0
 0
 0
 1
 0
 0
 0
 0
 1
 0
 0
 0
 0
 0
 0
 0
 0
 0
 1
 0
 0
 0
 0
 0
 0
 0
 0
 0
 0
 0
 0
 0
 0
 0
 0
 0
 0
 0
 0
 0
 0
 0
 0
 0
 0
 0
 0
 0
 0
 0
 0
 0
 0
 0
 0
 0
 0
 0
 0
 0
 1
 0
 0
 0
 0
 0
 0
 0
 0
 0
 0
 0
 0
 0
 0
 0
 0
 0
 0
 0
 0
 0
 0
 0
 0
 0
 0
 0
 0
 0
 0
 0
 0
 0
 0
 0
 0
 0
 0
 0
 0
 0
 0
 0
 0
 0
 0
 0
 0
 0
 0
 0
 0
 0
 0
 0
 0
 0
 0
 0
 0
 0
 0
 0
 0
 0
 0
 0
 0
 1
 0
 0
 0
 0
 0
 0
 0
 0
 0
 0
 0
 0
 0
 0
 0
 0
 0
 0
 0
 0
 0
 0
 0
 0
 0
 0
 0
 0
 0
 1
 3
 0
 0
 0
 0
 0
 0
 0
 0
 0
 0
 0
 0
 0
 0
 0
 0
 0
 0
 0
 0
 0
 0
 0
 0
 0
 0
 0
 0
 0
 0
 0
 0
 0
 0
 0
 0
 0
 0
 0
 0
 0
 0
 0
 0
 1
 0
 1
 0
 0
 0
 0
 0
 0
 0
 0
 0
 1
 0
 0
 0
 0
 0
 0
 0
 0
 0
 0
 0
 0
 0
 0
 0
 0
 0
 0
 0
 0
 0
 0
 0
 0
 0
 0
 0
 0
 0
 0
 0
 0
 0
 0
 0
 0
 0
 0
 0
 0
 0
 0
 0
 0
 0
 0
 0
 0
 0
 0
 0
 0
 0
 0
 0
 0
 0
 0
 0
 0
 0
 0
 0
 0
 0
 0
 0
 0
 0
 0
 0
 0
 0
 0
 0
 0
 0
 0
 0
 0
 0
 1
 0
 0
 0
 0
 0
 0
 0
 0
 0
 0
 0
 0
 0
 0
 0
 0
 0
 0
 0
 0
 0
 0
 0
 0
 0
 0
 0
 0
 0
 0
 0
 0
 0
 0
 0
 0
 1
 0
 0
 0
 0
 0
 0
 0
 0
 0
 0
 1
 0
 1
 0
 0
 0
 0
 0
 0
 0
 0
 0
 0
 0
 0
 0
 0
 0
 0
 0
 0
 0
 0
 0
 0
 0
 0
 0
 0
 0
 0
 0
 0
 0
 0
 0
 0
 0
 0
 0
 0
 0
 0
 0
 0
 0
 0
 0
 0
 0
 0
 0
 0
 0
 0
 0
 0
 0
 0
 0
 0
 0
 0
 0
 0
 0
 0
 0
 0
 0
 0
 0
 0
 0
 0
 0
 0
 0
 0
 0
 0
 0
 0
 0
 0
 0
 0
 0
 0
 0
 0
 0
 0
 0
 2
 0
 0
 0
 0
 0
 0
 0
 0
 0
 0
 0
 0
 0
 0
 0
 0
 0
 0
 1
 0
 0
 0
 0
 0
 0
 0
 0
 0
 0
 0
 0
 0
 0
 0
 0
 0
 0
 0
 0
 0
 0
 0
 0
 0
 0
 0
 0
 0
 0
 0
 0
 0
 0
 0
 0
 0
 0
 0
 0
 0
 0
 0
 0
 0
 0
 0
 0
 0
 0
 0
 0
 0
 0
 0
 0
 0
 0
 0
 0
 0
 0
 0
 0
 0
 0
 0
 0
 0
 0
 0
 0
 0
 0
 0
 0
 0
 0
 0
 0
 0
 0
 0
 0
 0
 0
 0
 0
 0
 0
 0
 0
 0
 0
 0
 0
