VERSION:    3.1
ELEMENTS:              1
DATE:       Feb 06, 2015 18:44:53.**
CHANNELS:           2048
ROIS:        14
REAL_TIME:   180.0004730
LIVE_TIME:   174.3446350
CAL_OFFSET:  -9.2821151e-02
CAL_SLOPE:   9.5961029e-03
CAL_QUAD:    0.0000000e+00
TWO_THETA:   10.0000000
ROI_0_LEFT:   353
ROI_0_RIGHT:   403
ROI_0_LABEL: Na Ka & 
ROI_1_LEFT:   441
ROI_1_RIGHT:   491
ROI_1_LABEL: Mg Ka & 
ROI_2_LEFT:   517
ROI_2_RIGHT:   567
ROI_2_LABEL: Al Ka & 
ROI_3_LEFT:   610
ROI_3_RIGHT:   660
ROI_3_LABEL: Si Ka & 
ROI_4_LEFT:   714
ROI_4_RIGHT:   764
ROI_4_LABEL: P Ka & 
ROI_5_LEFT:   775
ROI_5_RIGHT:   825
ROI_5_LABEL: 2185eV & 
ROI_6_LEFT:   825
ROI_6_RIGHT:   875
ROI_6_LABEL: S Ka & 
ROI_7_LEFT:   900
ROI_7_RIGHT:   950
ROI_7_LABEL: 2535eV & 
ROI_8_LEFT:   930
ROI_8_RIGHT:   980
ROI_8_LABEL: Cl Ka & 
ROI_9_LEFT:   1012
ROI_9_RIGHT:   1062
ROI_9_LABEL: 2850eV & 
ROI_10_LEFT:   1054
ROI_10_RIGHT:   1102
ROI_10_LABEL: Ar Ka & 
ROI_11_LEFT:   1191
ROI_11_RIGHT:   1241
ROI_11_LABEL: K Ka & 
ROI_12_LEFT:   1329
ROI_12_RIGHT:   1379
ROI_12_LABEL: Ca Ka & 
ROI_13_LEFT:   1443
ROI_13_RIGHT:   1493
ROI_13_LABEL: 4100eV & 
DATA: 
 0
 0
 0
 0
 0
 0
 0
 0
 0
 0
 0
 0
 0
 0
 0
 0
 0
 0
 0
 0
 0
 0
 0
 0
 0
 0
 0
 0
 0
 0
 0
 0
 0
 0
 0
 0
 0
 0
 0
 0
 0
 0
 0
 0
 0
 0
 0
 0
 0
 0
 0
 0
 0
 0
 0
 0
 0
 0
 0
 0
 0
 0
 0
 0
 0
 0
 0
 0
 0
 0
 0
 0
 0
 0
 0
 0
 0
 0
 0
 0
 0
 0
 0
 0
 0
 0
 0
 0
 0
 0
 0
 0
 0
 0
 0
 0
 0
 0
 0
 0
 0
 0
 0
 0
 0
 0
 0
 0
 0
 0
 0
 0
 0
 0
 0
 0
 0
 0
 0
 0
 0
 0
 0
 0
 0
 0
 0
 0
 0
 0
 0
 0
 0
 0
 0
 0
 0
 0
 0
 0
 1
 0
 1
 2
 2
 1
 1
 3
 6
 4
 5
 7
 4
 6
 9
 10
 4
 3
 3
 6
 4
 4
 1
 7
 7
 5
 1
 2
 2
 3
 5
 5
 7
 3
 3
 2
 3
 2
 1
 5
 6
 3
 3
 6
 7
 6
 2
 4
 5
 6
 5
 5
 5
 3
 4
 2
 4
 3
 4
 9
 7
 4
 5
 14
 7
 9
 9
 5
 6
 4
 3
 15
 12
 8
 12
 4
 10
 12
 20
 23
 26
 27
 39
 32
 36
 42
 41
 31
 26
 35
 36
 30
 22
 16
 25
 16
 14
 15
 13
 8
 9
 4
 8
 9
 10
 12
 13
 8
 16
 11
 13
 15
 19
 13
 6
 13
 16
 10
 16
 14
 7
 7
 9
 13
 4
 5
 4
 7
 9
 4
 4
 3
 5
 4
 7
 5
 5
 2
 7
 8
 2
 5
 8
 8
 6
 4
 1
 4
 4
 3
 2
 8
 4
 1
 5
 2
 6
 5
 8
 7
 3
 4
 8
 8
 5
 6
 6
 4
 4
 6
 2
 4
 5
 7
 7
 7
 8
 2
 4
 2
 9
 4
 10
 4
 2
 4
 7
 2
 6
 7
 4
 4
 4
 2
 3
 7
 1
 4
 3
 5
 6
 6
 5
 3
 4
 2
 4
 2
 7
 5
 3
 2
 6
 0
 7
 6
 5
 5
 5
 9
 2
 5
 5
 5
 5
 2
 6
 6
 5
 4
 7
 2
 1
 4
 5
 6
 4
 4
 4
 5
 4
 6
 3
 8
 10
 3
 7
 8
 4
 3
 3
 4
 1
 2
 2
 4
 1
 4
 1
 10
 5
 7
 3
 6
 3
 2
 7
 2
 2
 8
 5
 3
 5
 1
 4
 1
 1
 4
 4
 0
 4
 3
 1
 3
 3
 3
 2
 2
 1
 3
 2
 3
 1
 2
 2
 0
 1
 1
 0
 4
 1
 5
 5
 2
 2
 2
 3
 1
 2
 1
 1
 2
 4
 2
 0
 0
 0
 3
 1
 4
 5
 0
 0
 2
 2
 3
 2
 0
 2
 1
 2
 2
 1
 3
 2
 0
 0
 4
 0
 3
 1
 0
 1
 0
 3
 3
 0
 0
 0
 0
 1
 2
 2
 2
 0
 1
 0
 0
 0
 0
 0
 0
 1
 0
 0
 0
 1
 0
 2
 1
 2
 1
 1
 1
 1
 0
 0
 2
 0
 1
 0
 0
 1
 0
 0
 1
 0
 3
 1
 1
 2
 2
 0
 1
 0
 1
 0
 0
 0
 2
 1
 1
 3
 0
 1
 0
 0
 1
 3
 0
 0
 1
 0
 0
 0
 0
 1
 0
 0
 2
 1
 0
 0
 1
 0
 0
 2
 0
 0
 1
 0
 1
 0
 2
 2
 0
 0
 1
 1
 1
 0
 0
 3
 0
 1
 2
 1
 0
 0
 1
 3
 0
 1
 0
 1
 1
 1
 1
 0
 0
 1
 1
 1
 1
 1
 0
 4
 1
 1
 0
 0
 1
 2
 3
 0
 3
 0
 0
 1
 2
 1
 2
 2
 0
 1
 0
 0
 2
 2
 1
 1
 3
 2
 3
 3
 4
 1
 2
 2
 3
 1
 1
 1
 4
 3
 1
 3
 0
 1
 2
 4
 2
 3
 1
 1
 2
 1
 3
 2
 4
 2
 5
 4
 0
 1
 1
 4
 2
 5
 2
 1
 3
 3
 4
 2
 2
 4
 8
 3
 1
 2
 4
 2
 3
 0
 0
 3
 6
 2
 1
 4
 5
 2
 7
 2
 2
 2
 4
 0
 1
 3
 2
 2
 3
 5
 2
 5
 4
 3
 2
 3
 1
 8
 3
 6
 6
 2
 4
 3
 4
 5
 1
 5
 4
 4
 5
 4
 6
 2
 5
 6
 1
 5
 3
 5
 5
 3
 2
 3
 6
 3
 4
 6
 3
 3
 3
 4
 1
 7
 3
 6
 4
 3
 1
 4
 1
 0
 9
 7
 8
 5
 4
 1
 4
 2
 4
 3
 8
 11
 1
 3
 1
 7
 8
 6
 5
 2
 5
 3
 3
 7
 0
 5
 4
 5
 7
 7
 5
 3
 6
 3
 6
 3
 6
 4
 2
 7
 2
 1
 5
 6
 4
 6
 6
 0
 5
 6
 7
 1
 6
 3
 6
 9
 5
 9
 3
 4
 3
 7
 8
 7
 6
 4
 5
 4
 7
 7
 6
 6
 3
 9
 7
 9
 7
 7
 15
 7
 8
 5
 10
 9
 9
 9
 6
 4
 10
 14
 11
 10
 5
 9
 9
 13
 14
 12
 6
 10
 11
 21
 12
 6
 19
 15
 13
 12
 18
 17
 13
 15
 16
 13
 14
 15
 13
 14
 15
 19
 17
 13
 10
 20
 18
 14
 11
 8
 9
 12
 13
 12
 7
 12
 13
 13
 8
 17
 21
 22
 14
 26
 21
 19
 18
 16
 26
 19
 16
 19
 24
 24
 22
 10
 14
 11
 15
 17
 15
 21
 11
 16
 14
 16
 9
 7
 15
 19
 14
 14
 17
 10
 16
 12
 18
 12
 11
 20
 16
 14
 12
 12
 18
 15
 15
 5
 13
 11
 12
 19
 23
 11
 9
 14
 15
 12
 12
 7
 20
 14
 15
 15
 11
 14
 16
 7
 9
 7
 12
 19
 18
 13
 11
 9
 15
 13
 12
 9
 15
 16
 18
 6
 7
 15
 13
 10
 17
 11
 12
 8
 20
 11
 16
 6
 11
 11
 14
 5
 8
 17
 8
 8
 9
 10
 12
 5
 7
 6
 11
 8
 14
 9
 6
 10
 10
 6
 18
 3
 9
 6
 10
 13
 13
 10
 8
 11
 5
 12
 8
 6
 5
 9
 11
 6
 7
 9
 8
 7
 4
 8
 12
 7
 6
 9
 10
 9
 3
 10
 12
 4
 5
 4
 7
 4
 10
 11
 3
 8
 7
 13
 7
 5
 12
 5
 7
 6
 10
 10
 7
 9
 8
 5
 3
 10
 8
 5
 6
 5
 5
 15
 5
 5
 5
 10
 5
 6
 7
 8
 3
 4
 6
 9
 5
 3
 2
 5
 3
 8
 6
 4
 3
 6
 6
 7
 7
 3
 6
 3
 8
 4
 5
 6
 5
 9
 5
 4
 6
 4
 3
 7
 0
 4
 8
 5
 7
 5
 5
 3
 8
 3
 3
 4
 9
 7
 4
 3
 4
 4
 4
 1
 3
 6
 3
 6
 3
 3
 9
 6
 7
 2
 6
 3
 9
 6
 3
 4
 6
 1
 2
 5
 4
 1
 5
 4
 3
 4
 3
 6
 3
 4
 4
 6
 6
 2
 0
 1
 3
 2
 6
 2
 3
 3
 5
 5
 5
 3
 3
 4
 5
 5
 3
 6
 2
 3
 7
 1
 1
 2
 3
 3
 1
 7
 5
 3
 4
 5
 4
 2
 6
 3
 6
 0
 2
 5
 2
 3
 3
 4
 3
 2
 5
 2
 3
 2
 5
 2
 3
 3
 8
 4
 4
 2
 0
 2
 2
 4
 3
 5
 4
 4
 7
 14
 27
 40
 59
 89
 120
 160
 215
 268
 352
 402
 495
 555
 610
 687
 670
 645
 704
 618
 602
 518
 490
 381
 296
 232
 171
 128
 98
 71
 37
 31
 15
 3
 4
 3
 2
 1
 1
 0
 0
 0
 0
 0
 0
 3
 0
 0
 0
 0
 0
 0
 0
 0
 0
 0
 1
 0
 1
 1
 0
 3
 0
 0
 0
 0
 0
 2
 1
 2
 1
 0
 0
 1
 0
 0
 2
 0
 0
 0
 0
 1
 2
 1
 0
 1
 2
 0
 0
 1
 0
 0
 0
 0
 1
 1
 0
 0
 1
 0
 0
 0
 0
 0
 0
 1
 2
 0
 1
 1
 0
 0
 0
 0
 0
 0
 1
 1
 0
 0
 0
 1
 0
 0
 1
 0
 0
 0
 0
 1
 3
 0
 0
 1
 0
 0
 1
 0
 0
 2
 0
 0
 0
 1
 0
 1
 0
 1
 3
 2
 4
 3
 5
 6
 21
 8
 26
 40
 25
 37
 49
 60
 51
 61
 71
 88
 57
 53
 53
 61
 46
 51
 31
 24
 17
 15
 6
 8
 5
 1
 3
 2
 1
 1
 1
 0
 0
 1
 0
 0
 0
 0
 0
 0
 0
 1
 0
 0
 0
 0
 1
 0
 0
 0
 0
 0
 0
 0
 0
 0
 0
 0
 0
 0
 0
 0
 0
 0
 1
 0
 0
 0
 0
 0
 0
 0
 0
 0
 0
 0
 1
 0
 0
 0
 0
 0
 0
 0
 0
 1
 0
 0
 0
 0
 0
 1
 0
 0
 0
 0
 0
 0
 0
 1
 0
 0
 0
 0
 0
 0
 0
 0
 0
 0
 0
 0
 0
 0
 0
 0
 0
 0
 0
 0
 0
 0
 0
 0
 0
 0
 0
 0
 1
 0
 0
 0
 0
 0
 0
 0
 0
 0
 0
 0
 0
 0
 0
 0
 0
 0
 0
 1
 0
 0
 0
 0
 0
 0
 0
 0
 0
 0
 0
 0
 0
 1
 0
 0
 0
 0
 0
 0
 0
 0
 0
 0
 0
 1
 1
 0
 0
 0
 0
 0
 0
 0
 0
 0
 0
 0
 0
 0
 0
 0
 0
 1
 0
 0
 0
 0
 0
 0
 0
 0
 0
 0
 0
 0
 0
 0
 0
 0
 0
 0
 0
 0
 0
 0
 0
 0
 0
 0
 0
 0
 0
 1
 0
 0
 0
 0
 0
 0
 0
 0
 0
 0
 0
 0
 0
 0
 0
 0
 0
 0
 0
 0
 0
 0
 0
 0
 0
 1
 0
 0
 0
 0
 1
 0
 0
 0
 0
 0
 0
 0
 0
 0
 0
 0
 0
 0
 0
 0
 0
 0
 0
 0
 0
 0
 0
 0
 0
 0
 0
 0
 1
 0
 0
 0
 0
 0
 0
 0
 0
 0
 0
 0
 0
 0
 1
 0
 0
 0
 0
 0
 0
 0
 0
 0
 0
 0
 0
 0
 0
 0
 0
 0
 0
 0
 0
 0
 0
 0
 0
 0
 0
 0
 0
 0
 0
 0
 0
 0
 0
 0
 0
 0
 0
 0
 0
 0
 0
 0
 0
 0
 0
 0
 0
 0
 0
 0
 0
 0
 0
 0
 0
 0
 0
 0
 0
 0
 0
 0
 0
 0
 0
 0
 0
 0
 0
 0
 0
 0
 0
 0
 0
 0
 0
 0
 0
 0
 0
 0
 0
 0
 0
 0
 0
 0
 0
 0
 0
 0
 0
 0
 0
 0
 0
 0
 0
 0
 0
 0
 0
 0
 0
 0
 0
 1
 0
 0
 0
 0
 0
 0
 0
 0
 0
 0
 0
 1
 0
 0
 0
 0
 0
 0
 0
 0
 0
 0
 0
 0
 0
 0
 0
 0
 0
 1
 0
 0
 0
 1
 0
 0
 0
 0
 0
 0
 0
 0
 0
 0
 0
 0
 0
 0
 1
 0
 0
 0
 0
 0
 0
 0
 0
 0
 0
 0
 0
 0
 1
 0
 0
 0
 0
 0
 0
 1
 0
 0
 0
 0
 0
 0
 0
 0
 0
 0
 0
 0
 0
 1
 0
 0
 0
 0
 0
 0
 1
 0
 0
 0
 0
 0
 0
 0
 0
 0
 0
 0
 0
 0
 1
 0
 0
 0
 0
 0
 0
 1
 0
 0
 0
 0
 0
 0
 0
 0
 0
 0
 0
 0
 0
 0
 0
 0
 0
 0
 0
 0
 0
 0
 0
 0
 0
 0
 0
 0
 0
 0
 0
 0
 0
 0
 0
 0
 0
 0
 0
 0
 0
 0
 0
 0
 0
 0
 0
 0
 0
 0
 0
 0
 0
 0
 0
 0
 0
 0
 0
 0
 0
 0
 0
 0
 0
 0
 0
 0
 0
 0
 0
 0
 0
 0
 1
 0
 0
 0
 0
 0
 0
 0
 0
 1
 0
 0
 1
 0
 0
 0
 0
 0
 0
 0
 0
 0
 0
 0
 0
 1
 0
 0
 0
 0
 0
 0
 0
 0
 0
 0
 0
 0
 0
 0
 0
 0
 0
 0
 0
 0
 0
 0
 0
 0
 0
 0
 0
 0
 0
 0
 0
 0
 0
 0
 0
 0
 0
 0
 0
 0
 0
