VERSION:    3.1
ELEMENTS:              1
DATE:       Feb 09, 2015 16:00:13.**
CHANNELS:           2048
ROIS:        0
REAL_TIME:   600.0004883
LIVE_TIME:   573.6915894
CAL_OFFSET:  -9.2821151e-02
CAL_SLOPE:   9.5961029e-03
CAL_QUAD:    0.0000000e+00
TWO_THETA:   10.0000000
DATA: 
 0
 0
 0
 0
 0
 0
 0
 0
 0
 0
 0
 0
 0
 0
 0
 0
 0
 0
 0
 0
 0
 0
 0
 0
 0
 0
 0
 0
 0
 0
 0
 0
 0
 0
 0
 0
 0
 0
 0
 0
 0
 0
 0
 0
 0
 0
 0
 0
 0
 0
 0
 0
 0
 0
 0
 0
 0
 0
 0
 0
 0
 0
 0
 0
 0
 0
 0
 0
 0
 0
 0
 0
 0
 0
 0
 0
 0
 0
 0
 0
 0
 0
 0
 0
 0
 0
 0
 0
 0
 0
 0
 0
 0
 0
 0
 0
 0
 0
 0
 0
 0
 0
 0
 0
 0
 0
 0
 0
 0
 0
 0
 0
 0
 0
 0
 0
 0
 0
 0
 0
 0
 0
 0
 0
 0
 0
 0
 0
 0
 0
 0
 0
 0
 0
 0
 0
 0
 0
 0
 0
 0
 0
 0
 1
 0
 0
 0
 0
 0
 0
 4
 2
 5
 5
 3
 7
 15
 15
 35
 31
 30
 53
 58
 59
 54
 73
 68
 60
 58
 57
 60
 46
 45
 39
 52
 40
 44
 47
 45
 67
 68
 66
 99
 123
 126
 158
 168
 157
 180
 181
 174
 139
 158
 121
 110
 96
 69
 83
 63
 70
 55
 74
 51
 73
 81
 99
 89
 81
 87
 80
 102
 90
 82
 75
 88
 93
 81
 84
 87
 68
 63
 69
 53
 54
 45
 42
 54
 32
 34
 34
 39
 41
 39
 30
 30
 44
 54
 55
 40
 48
 47
 42
 48
 44
 44
 50
 41
 49
 62
 56
 55
 70
 62
 70
 55
 84
 73
 87
 76
 92
 75
 85
 89
 62
 94
 114
 101
 112
 130
 102
 143
 113
 95
 85
 90
 62
 65
 72
 61
 58
 40
 59
 37
 55
 57
 67
 75
 77
 69
 76
 78
 78
 75
 66
 67
 63
 64
 55
 77
 68
 62
 93
 96
 98
 100
 121
 113
 145
 169
 185
 217
 240
 236
 226
 194
 189
 174
 157
 142
 168
 159
 185
 182
 185
 222
 233
 282
 287
 302
 365
 455
 472
 513
 563
 539
 504
 467
 400
 308
 283
 194
 156
 146
 122
 114
 69
 79
 66
 83
 72
 69
 79
 81
 82
 77
 75
 79
 66
 59
 62
 64
 77
 67
 101
 79
 86
 78
 97
 92
 115
 134
 151
 170
 213
 236
 246
 280
 281
 319
 323
 350
 388
 460
 555
 620
 840
 1013
 1244
 1505
 1831
 1946
 1982
 2090
 1884
 1662
 1475
 1176
 961
 755
 629
 516
 495
 498
 523
 551
 606
 690
 736
 761
 773
 790
 714
 645
 562
 449
 395
 322
 238
 213
 197
 172
 158
 152
 125
 137
 120
 114
 105
 117
 134
 112
 127
 92
 139
 95
 138
 118
 133
 118
 102
 131
 108
 137
 145
 130
 133
 132
 115
 164
 153
 140
 151
 152
 152
 157
 169
 190
 204
 228
 268
 288
 326
 376
 431
 542
 629
 777
 904
 1059
 1214
 1393
 1409
 1509
 1440
 1412
 1291
 1189
 1002
 838
 707
 614
 546
 480
 477
 461
 452
 418
 442
 427
 442
 390
 440
 470
 529
 573
 615
 651
 733
 825
 815
 960
 1037
 1137
 1189
 1385
 1469
 1762
 1939
 2379
 2693
 3074
 3578
 3839
 4067
 4264
 4221
 3891
 3593
 3265
 2908
 2600
 2453
 2292
 2349
 2448
 2682
 2719
 2739
 2746
 2587
 2313
 2117
 1771
 1406
 1248
 1015
 788
 689
 565
 512
 481
 414
 405
 383
 356
 346
 312
 297
 301
 284
 307
 287
 305
 271
 272
 269
 285
 281
 313
 280
 337
 348
 390
 445
 504
 558
 602
 714
 842
 1036
 1278
 1560
 1940
 2493
 2987
 3401
 3974
 4108
 4366
 4235
 4065
 3586
 2956
 2527
 2035
 1721
 1356
 1105
 926
 771
 694
 628
 570
 505
 519
 518
 509
 503
 549
 579
 727
 781
 887
 1003
 1139
 1326
 1509
 1962
 2443
 2904
 3440
 4139
 4398
 4518
 4374
 4103
 3560
 3179
 2650
 2150
 1694
 1440
 1133
 925
 839
 708
 605
 567
 462
 428
 373
 339
 362
 327
 356
 322
 318
 343
 325
 345
 352
 335
 292
 354
 359
 402
 410
 478
 496
 541
 577
 623
 670
 697
 768
 812
 851
 906
 965
 1093
 1195
 1188
 1361
 1461
 1583
 1689
 1911
 1857
 1964
 1919
 1641
 1438
 1277
 1089
 923
 818
 755
 728
 629
 603
 583
 623
 651
 743
 846
 994
 1142
 1387
 1689
 2123
 2716
 3457
 4345
 5434
 6948
 8767
 10839
 13491
 16037
 18437
 21056
 23489
 24929
 26540
 27053
 28347
 29353
 30954
 32534
 33954
 34673
 35392
 34078
 31656
 28402
 24420
 20086
 16364
 12688
 9929
 7600
 5826
 4515
 3680
 2768
 2292
 1832
 1475
 1188
 1000
 806
 719
 636
 669
 661
 670
 664
 777
 800
 901
 1118
 1250
 1448
 1689
 1789
 1997
 2099
 2090
 1966
 1786
 1633
 1424
 1219
 1104
 923
 769
 738
 619
 563
 590
 486
 533
 550
 552
 575
 619
 718
 820
 910
 1070
 1182
 1288
 1424
 1540
 1580
 1603
 1582
 1541
 1567
 1488
 1462
 1441
 1351
 1301
 1281
 1160
 1122
 1119
 1156
 1134
 1199
 1334
 1474
 1694
 2050
 2506
 3255
 4015
 4857
 5957
 6919
 7936
 8492
 9011
 9408
 9223
 8602
 7792
 6932
 5977
 4910
 4224
 3386
 3077
 2671
 2385
 2188
 2198
 2166
 2266
 2364
 2661
 2698
 2894
 2864
 2877
 2584
 2373
 2134
 1971
 1730
 1435
 1186
 974
 806
 710
 605
 565
 586
 560
 561
 575
 548
 571
 618
 531
 521
 514
 482
 418
 435
 377
 383
 317
 276
 274
 255
 225
 211
 184
 179
 167
 149
 137
 151
 132
 134
 139
 149
 154
 170
 182
 162
 192
 216
 226
 277
 347
 351
 385
 485
 533
 582
 548
 576
 551
 489
 497
 431
 381
 340
 334
 323
 257
 230
 239
 237
 245
 308
 351
 380
 448
 510
 565
 583
 676
 660
 692
 689
 610
 620
 485
 461
 416
 349
 290
 285
 210
 208
 203
 208
 189
 157
 146
 178
 142
 129
 146
 146
 147
 149
 152
 137
 134
 147
 141
 162
 167
 169
 163
 168
 178
 187
 206
 215
 214
 220
 205
 173
 185
 174
 163
 171
 184
 179
 179
 180
 196
 196
 257
 262
 276
 285
 337
 363
 394
 441
 426
 487
 525
 484
 559
 514
 480
 484
 487
 431
 406
 373
 296
 311
 259
 229
 219
 198
 191
 180
 203
 214
 188
 218
 191
 231
 261
 248
 302
 336
 349
 400
 453
 452
 507
 505
 465
 477
 458
 416
 379
 346
 289
 301
 310
 269
 300
 286
 300
 337
 370
 438
 429
 539
 538
 531
 605
 544
 516
 510
 478
 493
 470
 377
 370
 319
 321
 325
 248
 247
 212
 225
 210
 215
 230
 207
 208
 225
 224
 229
 213
 240
 233
 250
 239
 286
 279
 306
 343
 327
 331
 331
 320
 308
 288
 285
 264
 254
 269
 291
 301
 304
 320
 388
 378
 402
 442
 482
 492
 573
 518
 548
 538
 531
 490
 481
 418
 406
 363
 384
 330
 298
 318
 297
 245
 250
 218
 238
 215
 250
 223
 226
 213
 253
 250
 257
 274
 291
 335
 306
 282
 289
 317
 297
 316
 274
 259
 263
 259
 255
 276
 254
 253
 281
 309
 314
 326
 317
 376
 322
 374
 336
 340
 322
 300
 319
 290
 266
 244
 262
 257
 232
 232
 225
 223
 233
 229
 217
 224
 246
 247
 238
 220
 243
 239
 277
 270
 285
 279
 306
 331
 317
 328
 324
 274
 314
 320
 274
 285
 276
 301
 311
 319
 337
 394
 365
 438
 425
 436
 492
 481
 433
 407
 398
 415
 384
 358
 330
 345
 306
 323
 281
 292
 265
 263
 295
 270
 255
 283
 295
 300
 338
 338
 367
 389
 433
 446
 442
 431
 426
 419
 387
 378
 355
 363
 353
 353
 333
 335
 337
 361
 390
 366
 405
 425
 448
 467
 431
 375
 409
 376
 359
 358
 327
 310
 325
 263
 274
 234
 250
 245
 242
 223
 219
 220
 218
 241
 242
 248
 251
 214
 245
 239
 204
 234
 250
 229
 230
 219
 252
 204
 275
 245
 224
 285
 272
 274
 340
 309
 334
 368
 376
 418
 405
 333
 375
 349
 374
 356
 312
 313
 294
 278
 290
 252
 218
 258
 249
 246
 252
 254
 278
 265
 303
 310
 334
 291
 332
 310
 336
 280
 267
 268
 289
 268
 265
 249
 242
 248
 316
 265
 257
 280
 280
 278
 264
 286
 268
 255
 251
 251
 236
 218
 265
 258
 209
 232
 207
 209
 227
 212
 212
 214
 183
 213
 239
 235
 261
 216
 213
 242
 258
 232
 276
 252
 237
 249
 268
 300
 324
 295
 319
 341
 340
 340
 375
 391
 372
 334
 342
 357
 311
 317
 298
 325
 257
 261
 266
 261
 230
 262
 236
 260
 262
 234
 259
 275
 278
 282
 269
 256
 301
 297
 246
 301
 273
 269
 306
 251
 263
 258
 273
 263
 258
 294
 280
 322
 291
 267
 284
 287
 280
 277
 257
 277
 246
 229
 248
 236
 223
 218
 229
 246
 236
 197
 221
 246
 230
 249
 219
 239
 256
 238
 252
 219
 213
 202
 220
 210
 219
 234
 211
 227
 262
 196
 233
 247
 220
 235
 216
 229
 201
 201
 212
 217
 169
 210
 194
 175
 189
 204
 188
 194
 189
 209
 224
 214
 233
 207
 243
 223
 215
 242
 219
 223
 199
 221
 230
 233
 229
 226
 219
 238
 213
 231
 230
 192
 229
 220
 199
 229
 208
 170
 180
 195
 178
 169
 196
 173
 182
 194
 210
 210
 176
 215
 221
 216
 228
 203
 238
 234
 186
 222
 181
 200
 198
 204
 184
 189
 182
 201
 216
 213
 210
 190
 208
 188
 194
 189
 205
 177
 190
 161
 181
 202
 177
 206
 171
 171
 201
 205
 218
 193
 205
 180
 193
 229
 198
 228
 250
 269
 233
 254
 275
 252
 243
 253
 232
 226
 202
 227
 196
 180
 180
 201
 171
 182
 188
 167
 164
 170
 137
 157
 150
 140
 147
 162
 185
 136
 155
 163
 164
 165
 137
 143
 160
 180
 176
 142
 191
 171
 175
 201
 150
 200
 182
 191
 185
 195
 184
 162
 189
 161
 167
 142
 152
 136
 131
 156
 134
 148
 130
 131
 143
 153
 149
 145
 145
 134
 134
 157
 143
 141
 130
 135
 143
 154
 135
 123
 147
 124
 148
 127
 140
 126
 107
 149
 122
 125
 118
 122
 138
 121
 123
 129
 116
 126
 142
 122
 114
 123
 120
 117
 126
 136
 113
 130
 121
 120
 126
 124
 108
 141
 151
 149
 141
 138
 140
 129
 137
 152
 141
 124
 131
 127
 123
 134
 115
 120
 127
 131
 153
 139
 126
 132
 160
 138
 114
 143
 137
 135
 133
 130
 135
 132
 133
 126
 141
 110
 133
 138
 128
 117
 122
 107
 119
 103
 109
 118
 112
 113
 120
 107
 110
 108
 125
 100
 97
 127
 113
 116
 117
 116
 101
 87
 112
 112
 116
 143
 128
 138
 140
 128
 119
 99
 97
 123
 111
 113
 100
 124
 123
 126
 118
 110
 134
 129
 116
 114
 132
 138
 122
 118
 141
 142
 127
 151
 125
 139
 113
 116
 106
 126
 104
 117
 107
 108
 91
 80
 113
 108
 105
 106
 91
 89
 105
 95
 81
 90
 101
 108
 100
 102
 86
 104
 103
 98
 101
 95
 89
 108
 102
 116
 99
 113
 87
 101
 108
 100
 91
 98
 100
 86
 83
 106
 94
 99
 82
 94
 83
 79
 81
 91
 85
 64
 73
 81
 86
 67
 71
 66
 60
 67
 74
 77
 73
 85
 64
 42
 77
 62
 49
 69
 45
 68
 53
 55
 53
 45
 57
 56
 45
 62
 46
 59
 58
 60
 49
 50
 65
 49
 80
 55
 46
 62
 61
 57
 66
 49
 55
 59
 59
 57
 56
 62
 51
 53
 69
 53
 56
 56
 46
 57
 63
 56
 49
 55
 56
 46
 61
 70
 62
 52
 64
 60
 58
 49
 63
 40
 60
 40
 68
 61
 65
 55
 48
 47
 43
 49
 50
 43
 38
 58
 51
 45
 41
 63
 37
 54
 54
 58
 52
 42
 66
 52
 46
 65
 50
 55
 64
 49
 42
 64
 52
 44
 58
 40
 44
 51
 47
 47
 55
 42
 54
 53
 48
 51
 50
 50
 46
 39
 47
 47
 55
 39
 40
 39
 45
 49
 48
 35
 31
 38
 36
 38
 45
 40
 39
 38
 36
 46
 43
 45
 45
 39
 36
 32
 41
 43
 50
 43
 40
 49
 47
 30
 40
 40
 46
 42
 52
 45
 40
 48
 41
 47
 43
 31
 29
 32
 41
 40
 40
 38
 33
 30
 30
 48
 36
 29
 38
 36
 31
 33
 55
 31
 51
 39
 28
 37
 26
 38
 48
 34
 22
 35
 29
 42
 38
 31
 35
 31
 32
 29
 29
 30
 33
 46
 27
 30
 31
 33
 38
 32
 26
 36
 33
 36
 43
 33
 34
 38
 38
 43
 33
 47
 36
 37
 30
 36
 33
 31
 40
 28
 37
 41
 31
 39
 41
 36
 30
 42
