VERSION:    3.1
ELEMENTS:              1
DATE:       Feb 13, 2015 14:51:34.**
CHANNELS:           2048
ROIS:        0
REAL_TIME:   300.0004883
LIVE_TIME:   283.3134155
CAL_OFFSET:  -9.2821151e-02
CAL_SLOPE:   9.5961029e-03
CAL_QUAD:    0.0000000e+00
TWO_THETA:   10.0000000
DATA: 
 0
 0
 0
 0
 0
 0
 0
 0
 0
 0
 0
 0
 0
 0
 0
 0
 0
 0
 0
 0
 0
 0
 0
 0
 0
 0
 0
 0
 0
 0
 0
 0
 0
 0
 0
 0
 0
 0
 0
 0
 0
 0
 0
 0
 0
 0
 0
 0
 0
 0
 0
 0
 0
 0
 0
 0
 0
 0
 0
 0
 0
 0
 0
 0
 0
 0
 0
 0
 0
 0
 0
 0
 0
 0
 0
 0
 0
 0
 0
 0
 0
 0
 0
 0
 0
 0
 0
 0
 0
 0
 0
 0
 0
 0
 0
 0
 0
 0
 0
 0
 0
 0
 0
 0
 0
 0
 0
 0
 0
 0
 0
 0
 0
 0
 0
 0
 0
 0
 0
 0
 0
 0
 0
 0
 0
 0
 0
 0
 0
 0
 0
 0
 0
 0
 0
 0
 0
 0
 0
 0
 0
 0
 0
 0
 0
 0
 0
 0
 0
 0
 1
 0
 0
 1
 3
 9
 8
 20
 27
 38
 43
 54
 58
 61
 49
 47
 42
 47
 41
 48
 39
 29
 29
 23
 36
 31
 37
 28
 46
 47
 42
 49
 50
 62
 58
 63
 66
 52
 72
 68
 66
 59
 61
 74
 66
 86
 55
 71
 66
 87
 73
 77
 90
 80
 70
 86
 105
 95
 88
 90
 103
 94
 88
 117
 93
 110
 123
 139
 119
 148
 160
 235
 265
 323
 394
 410
 428
 419
 436
 433
 417
 465
 653
 794
 1025
 1433
 1602
 1596
 1500
 1322
 1135
 924
 808
 682
 511
 474
 443
 525
 549
 615
 708
 713
 828
 831
 821
 752
 723
 594
 488
 399
 358
 309
 293
 255
 272
 247
 249
 267
 268
 251
 271
 280
 289
 270
 295
 296
 337
 349
 336
 364
 311
 350
 347
 369
 409
 367
 460
 529
 628
 638
 642
 641
 524
 496
 463
 434
 432
 432
 462
 496
 518
 553
 492
 473
 459
 413
 425
 438
 411
 431
 428
 440
 424
 407
 432
 450
 436
 468
 473
 481
 471
 569
 517
 596
 711
 768
 867
 1054
 1292
 1704
 2474
 3896
 5931
 9493
 15255
 25022
 39005
 55021
 65979
 67380
 58467
 43838
 29446
 18539
 12056
 8567
 6615
 6927
 8437
 11241
 15438
 19847
 23240
 25632
 27903
 29697
 30468
 28034
 22754
 16734
 10799
 6803
 4372
 2816
 1824
 1397
 1016
 819
 728
 688
 678
 649
 673
 653
 652
 672
 620
 579
 543
 585
 666
 773
 1065
 1409
 2172
 3294
 4923
 7001
 9630
 12577
 15282
 16889
 17032
 15189
 11830
 8533
 6210
 5065
 4749
 5160
 5891
 6783
 7525
 7935
 7273
 6194
 4700
 3468
 2792
 2334
 2243
 2202
 2286
 2397
 2244
 1863
 1553
 1117
 769
 580
 406
 321
 254
 226
 186
 183
 174
 164
 141
 176
 166
 159
 156
 168
 162
 161
 161
 153
 196
 162
 196
 180
 173
 175
 166
 184
 164
 197
 196
 196
 239
 237
 247
 242
 223
 218
 195
 188
 168
 167
 163
 152
 159
 201
 165
 173
 167
 142
 165
 152
 162
 161
 197
 191
 180
 177
 170
 149
 167
 178
 173
 176
 205
 201
 200
 167
 195
 194
 184
 212
 208
 184
 177
 184
 204
 176
 201
 206
 197
 195
 199
 212
 181
 219
 199
 220
 202
 175
 191
 203
 207
 217
 233
 205
 250
 209
 225
 219
 227
 238
 239
 237
 265
 241
 234
 226
 243
 227
 236
 243
 232
 240
 229
 265
 272
 229
 254
 243
 290
 273
 294
 322
 389
 425
 616
 917
 1365
 2000
 3298
 4958
 7202
 9137
 10795
 11258
 11152
 10243
 8552
 6821
 5087
 3573
 2356
 1559
 1124
 788
 568
 435
 403
 377
 345
 323
 353
 337
 333
 334
 327
 309
 320
 304
 309
 268
 339
 322
 318
 333
 304
 327
 299
 314
 334
 337
 346
 303
 312
 352
 352
 326
 300
 336
 339
 293
 281
 328
 335
 314
 332
 329
 314
 356
 326
 339
 329
 342
 328
 318
 290
 323
 300
 296
 326
 331
 345
 374
 316
 341
 339
 295
 311
 315
 315
 346
 315
 337
 327
 328
 293
 339
 359
 371
 398
 409
 531
 697
 995
 1462
 2193
 3380
 5003
 7008
 8387
 9139
 8628
 7054
 5551
 3853
 2704
 1681
 1182
 837
 617
 439
 471
 380
 434
 357
 399
 342
 367
 351
 380
 393
 462
 497
 616
 698
 1006
 1161
 1449
 1694
 1786
 1714
 1471
 1218
 998
 753
 576
 503
 428
 407
 367
 395
 372
 378
 355
 339
 344
 328
 341
 325
 326
 303
 296
 318
 319
 280
 322
 298
 332
 294
 317
 311
 307
 297
 294
 310
 331
 326
 303
 308
 279
 290
 301
 307
 306
 282
 312
 303
 286
 305
 307
 294
 318
 315
 294
 268
 303
 319
 277
 300
 306
 318
 274
 307
 341
 359
 333
 327
 341
 376
 324
 366
 340
 332
 317
 299
 296
 326
 308
 268
 301
 275
 278
 278
 313
 283
 285
 311
 348
 384
 387
 387
 374
 370
 364
 336
 367
 370
 436
 516
 587
 748
 835
 929
 1059
 1068
 1054
 1016
 842
 712
 603
 478
 393
 322
 292
 306
 245
 235
 236
 228
 236
 226
 238
 216
 222
 261
 227
 239
 201
 212
 206
 226
 189
 234
 208
 194
 195
 198
 204
 206
 211
 207
 219
 185
 196
 178
 196
 194
 208
 184
 197
 188
 205
 197
 207
 202
 198
 180
 166
 182
 184
 203
 186
 192
 211
 214
 221
 252
 368
 461
 640
 788
 964
 1241
 1295
 1397
 1312
 1285
 1098
 944
 737
 580
 488
 358
 250
 241
 229
 215
 212
 234
 284
 325
 412
 504
 608
 712
 752
 835
 729
 763
 682
 563
 472
 389
 342
 279
 209
 181
 166
 179
 178
 161
 149
 154
 159
 166
 133
 157
 172
 156
 137
 141
 116
 119
 141
 126
 124
 124
 79
 106
 114
 86
 101
 111
 87
 90
 108
 79
 92
 68
 94
 86
 97
 90
 87
 77
 83
 73
 90
 54
 69
 70
 84
 79
 90
 81
 85
 69
 75
 83
 71
 70
 77
 93
 88
 73
 63
 74
 74
 83
 68
 99
 112
 121
 168
 242
 320
 445
 566
 696
 812
 858
 821
 738
 607
 445
 359
 234
 188
 143
 105
 89
 86
 68
 58
 67
 68
 43
 71
 80
 57
 71
 68
 92
 78
 63
 70
 58
 86
 60
 66
 56
 63
 51
 59
 73
 56
 63
 61
 64
 54
 90
 60
 64
 56
 66
 61
 78
 69
 68
 73
 79
 124
 134
 203
 247
 295
 384
 417
 432
 481
 405
 390
 284
 223
 177
 127
 107
 84
 76
 61
 59
 38
 60
 44
 47
 44
 63
 41
 49
 52
 48
 59
 50
 45
 32
 38
 60
 41
 54
 32
 38
 38
 27
 38
 39
 33
 48
 36
 42
 32
 36
 40
 39
 38
 25
 38
 33
 42
 25
 39
 42
 40
 46
 33
 27
 38
 34
 34
 33
 40
 39
 41
 33
 28
 35
 21
 26
 28
 38
 37
 21
 25
 35
 33
 39
 43
 34
 32
 32
 30
 44
 49
 49
 56
 68
 78
 99
 91
 108
 97
 104
 82
 84
 68
 70
 50
 47
 62
 17
 35
 28
 50
 36
 31
 31
 33
 27
 31
 24
 34
 26
 19
 24
 28
 27
 15
 28
 24
 33
 30
 28
 39
 30
 22
 29
 16
 25
 24
 29
 32
 39
 54
 49
 67
 67
 93
 138
 153
 180
 180
 160
 187
 135
 131
 105
 96
 63
 74
 54
 53
 57
 62
 62
 82
 85
 74
 96
 80
 87
 73
 65
 48
 41
 45
 31
 33
 21
 32
 24
 24
 31
 23
 26
 30
 23
 21
 24
 26
 14
 25
 26
 19
 27
 20
 19
 20
 18
 9
 18
 17
 18
 22
 25
 23
 21
 19
 18
 21
 19
 19
 23
 14
 13
 10
 15
 19
 21
 22
 18
 18
 30
 21
 24
 29
 33
 44
 52
 57
 75
 82
 68
 65
 51
 52
 50
 38
 29
 29
 23
 23
 12
 13
 14
 13
 12
 13
 12
 14
 7
 9
 19
 14
 9
 15
 16
 9
 12
 11
 13
 4
 9
 8
 17
 12
 10
 16
 17
 12
 23
 14
 17
 24
 28
 33
 46
 34
 47
 28
 26
 23
 29
 18
 20
 16
 14
 20
 23
 24
 25
 38
 31
 34
 28
 22
 18
 23
 11
 12
 9
 7
 8
 10
 17
 9
 8
 10
 9
 11
 8
 8
 18
 9
 8
 7
 7
 7
 7
 4
 10
 4
 5
 6
 7
 7
 10
 14
 8
 10
 6
 14
 10
 9
 14
 8
 5
 2
 7
 4
 12
 5
 12
 5
 4
 18
 13
 11
 19
 11
 20
 16
 17
 12
 8
 4
 10
 10
 7
 8
 11
 8
 10
 4
 8
 6
 6
 16
 2
 9
 7
 7
 7
 7
 6
 13
 14
 2
 7
 5
 15
 7
 6
 9
 10
 12
 11
 17
 17
 16
 26
 20
 33
 23
 16
 12
 12
 11
 10
 13
 9
 12
 6
 10
 10
 14
 9
 11
 6
 9
 8
 7
 8
 2
 4
 5
 5
 5
 2
 2
 4
 5
 3
 4
 3
 5
 6
 4
 6
 8
 1
 2
 5
 7
 3
 7
 8
 7
 1
 3
 6
 7
 7
 4
 3
 4
 4
 5
 3
 6
 5
 2
 5
 4
 9
 17
 16
 14
 11
 15
 20
 15
 11
 6
 7
 4
 5
 3
 2
 3
 1
 1
 4
 5
 4
 4
 6
 1
 4
 2
 2
 3
 2
 2
 3
 3
 1
 5
 4
 1
 9
 5
 7
 13
 10
 14
 15
 16
 15
 16
 15
 8
 13
 3
 3
 5
 4
 6
 3
 7
 4
 4
 4
 3
 4
 1
 1
 3
 2
 4
 3
 1
 1
 3
 2
 2
 2
 4
 5
 2
 5
 1
 1
 2
 5
 3
 1
 1
 2
 2
 0
 2
 1
 3
 2
 1
 3
 5
 3
 1
 3
 0
 3
 1
 2
 5
 3
 0
 0
 4
 1
 7
 3
 2
 2
 3
 2
 1
 1
 4
 6
 4
 3
 0
 1
 2
 1
 0
 3
 5
 1
 1
 2
 2
 1
 1
 1
 2
 1
 1
 2
 2
 1
 3
 4
 4
 3
 3
 3
 4
 3
 4
 4
 1
 1
 8
 5
 2
 4
 5
 5
 0
 2
 1
 0
 3
 1
 1
 3
 1
 1
 0
 1
 0
 2
 1
 1
 2
 0
 0
 1
 1
 3
 2
 0
 0
 0
 0
 1
 3
 1
 2
 1
 2
 2
 1
 3
 0
 2
 3
 2
 2
 2
 3
 3
 2
 2
 3
 0
 2
 3
 4
 2
 1
 0
 1
 0
 0
 0
 1
 0
 2
 2
 1
 2
 0
 1
 2
 2
 2
 0
 0
 1
 2
 4
 1
 4
 0
 4
 1
 1
 2
 5
 2
 1
 1
 2
 1
 0
 1
 2
 2
 2
 0
 1
 3
 1
 2
 1
 4
 1
 1
 0
 2
 1
 1
 1
 1
 0
 1
 0
 0
 1
 2
 1
 0
 0
 0
 0
 0
 1
 0
 0
 1
 0
 1
 0
 1
 2
 1
 2
 0
 1
 1
 3
 1
 2
 1
 0
 1
 0
 1
 0
 4
 1
 1
 1
 0
 3
 0
 1
 0
 1
 1
 2
 0
 0
 1
 1
 0
 1
 1
 2
 0
 2
 3
 5
 1
 2
 1
 2
 1
 0
 0
 2
 0
 2
 1
 0
 1
 1
 2
 1
 1
 2
 0
 0
 0
 0
 0
 0
 0
 0
 1
 0
 0
 0
 1
 1
 0
 0
 0
 0
 0
 1
 1
 0
 0
 0
 0
 1
 1
 3
 0
 0
 1
 0
 0
 0
 1
 1
 1
 2
 0
 1
 0
 0
 0
 0
 0
 0
 1
 1
 0
 0
 0
 0
 1
 0
 0
 1
 0
 0
 0
 0
 0
 0
 0
 0
 0
 1
 1
 1
 0
 2
 1
 1
 1
 0
 1
 0
 0
 0
 0
 0
 0
 0
 0
 0
 0
 0
 2
 0
 1
 1
 0
 0
 0
 1
 0
 0
 0
 0
 0
 0
 0
 0
 0
 0
 2
 0
 1
 0
 1
 0
 1
 1
 0
 1
 0
 1
 1
 1
 0
 0
 0
 0
 0
 0
 0
 0
 0
 0
 0
 0
 0
 0
 0
 0
 0
 0
 0
 0
 0
 0
 0
 0
 0
 0
 0
 0
 0
 0
 0
 1
 0
 0
 0
 1
 1
 1
 0
 0
 0
 1
 0
 0
 2
 0
 0
 0
 1
 0
 0
 0
 0
 0
 0
 0
 0
 0
 0
 0
 0
 0
 0
 0
 0
 0
 0
 0
 0
 0
 0
 0
 0
 0
 1
 0
 0
 1
 0
 0
 0
 0
 0
 0
 0
 0
 0
 0
 0
 2
 0
 0
 0
 0
 0
 0
 0
 0
 0
 0
 1
 0
 1
 1
 0
 1
 1
 0
 0
 1
 0
 0
 0
 0
 0
 0
 0
 0
 1
 0
 0
 1
 0
 0
 0
 0
 0
 0
