VERSION:    3.1
ELEMENTS:              1
DATE:       Feb 11, 2015 22:23:05.**
CHANNELS:           2048
ROIS:        0
REAL_TIME:   600.0004883
LIVE_TIME:   581.6711426
CAL_OFFSET:  -9.2821151e-02
CAL_SLOPE:   9.5961029e-03
CAL_QUAD:    0.0000000e+00
TWO_THETA:   10.0000000
DATA: 
 0
 0
 0
 0
 0
 0
 0
 0
 0
 0
 0
 0
 0
 0
 0
 0
 0
 0
 0
 0
 0
 0
 0
 0
 0
 0
 0
 0
 0
 0
 0
 0
 0
 0
 0
 0
 0
 0
 0
 0
 0
 0
 0
 0
 0
 0
 0
 0
 0
 0
 0
 0
 0
 0
 0
 0
 0
 0
 0
 0
 0
 0
 0
 0
 0
 0
 0
 0
 0
 0
 0
 0
 0
 0
 0
 0
 0
 0
 0
 0
 0
 0
 0
 0
 0
 0
 0
 0
 0
 0
 0
 0
 0
 0
 0
 0
 0
 0
 0
 0
 0
 0
 0
 0
 0
 0
 0
 0
 0
 0
 0
 0
 0
 0
 0
 0
 0
 0
 0
 0
 0
 0
 0
 0
 0
 0
 0
 0
 0
 0
 0
 0
 0
 0
 0
 0
 0
 0
 0
 0
 0
 0
 1
 0
 2
 2
 1
 1
 0
 2
 2
 4
 4
 5
 3
 6
 11
 7
 21
 11
 11
 24
 21
 22
 35
 40
 30
 22
 28
 34
 27
 19
 37
 29
 25
 28
 24
 22
 30
 37
 24
 39
 51
 56
 61
 69
 89
 96
 139
 118
 122
 121
 137
 124
 105
 99
 73
 66
 47
 49
 43
 38
 26
 41
 23
 20
 20
 22
 22
 24
 28
 24
 34
 32
 24
 26
 34
 27
 31
 24
 29
 38
 30
 33
 23
 31
 29
 28
 35
 37
 25
 31
 29
 23
 17
 35
 28
 32
 29
 20
 29
 33
 40
 47
 40
 49
 55
 76
 77
 73
 100
 90
 116
 106
 93
 75
 72
 51
 52
 48
 51
 50
 34
 25
 30
 34
 29
 17
 10
 24
 19
 18
 23
 16
 16
 13
 17
 11
 18
 15
 14
 13
 14
 15
 13
 12
 21
 13
 12
 12
 10
 13
 18
 12
 20
 17
 10
 20
 16
 13
 15
 15
 12
 17
 13
 12
 15
 17
 16
 11
 24
 11
 9
 19
 12
 16
 11
 20
 12
 8
 16
 16
 18
 14
 17
 15
 16
 17
 16
 15
 16
 19
 11
 14
 14
 18
 14
 18
 11
 13
 11
 19
 14
 12
 20
 14
 12
 16
 13
 27
 19
 11
 21
 19
 9
 17
 18
 23
 20
 22
 22
 21
 25
 19
 18
 25
 22
 14
 41
 44
 37
 42
 58
 81
 83
 90
 107
 113
 152
 182
 196
 189
 237
 296
 360
 394
 527
 666
 821
 976
 1162
 1263
 1485
 1560
 1478
 1368
 1258
 1072
 910
 725
 574
 442
 397
 326
 253
 233
 179
 179
 178
 145
 143
 130
 118
 109
 116
 112
 103
 97
 91
 99
 86
 64
 88
 70
 77
 85
 82
 91
 78
 96
 120
 135
 128
 182
 200
 266
 292
 291
 361
 340
 377
 361
 425
 413
 416
 464
 543
 602
 755
 828
 963
 1136
 1186
 1359
 1374
 1313
 1258
 1165
 1000
 848
 677
 562
 463
 384
 288
 251
 231
 244
 171
 167
 141
 145
 113
 108
 104
 87
 87
 86
 80
 86
 90
 87
 72
 87
 81
 77
 102
 95
 95
 106
 120
 100
 101
 124
 116
 133
 122
 166
 151
 167
 189
 221
 175
 231
 197
 227
 224
 224
 222
 257
 214
 237
 210
 173
 148
 124
 123
 123
 117
 99
 76
 79
 76
 89
 98
 64
 74
 79
 82
 75
 80
 70
 89
 67
 63
 61
 83
 59
 74
 52
 76
 83
 72
 98
 103
 95
 120
 118
 127
 161
 177
 136
 142
 134
 124
 133
 120
 101
 99
 88
 84
 73
 97
 75
 70
 70
 62
 71
 75
 68
 85
 79
 68
 64
 73
 72
 69
 86
 71
 79
 70
 79
 89
 70
 71
 90
 82
 70
 80
 78
 88
 70
 88
 76
 79
 69
 95
 92
 102
 98
 104
 113
 95
 122
 109
 97
 120
 112
 87
 90
 88
 75
 116
 89
 90
 105
 117
 136
 176
 195
 223
 301
 342
 394
 494
 547
 647
 772
 877
 936
 1082
 1275
 1441
 1710
 2146
 2701
 3340
 4279
 5381
 6366
 7370
 7926
 8263
 8375
 7941
 7269
 6261
 5232
 4334
 3386
 2711
 2145
 1837
 1517
 1289
 1128
 1053
 908
 833
 700
 672
 599
 462
 416
 381
 287
 258
 218
 196
 182
 159
 165
 125
 126
 116
 116
 168
 136
 146
 174
 195
 187
 229
 268
 295
 313
 390
 502
 532
 596
 758
 802
 1028
 1209
 1426
 1734
 2161
 2597
 3157
 3694
 4182
 4695
 5248
 5794
 6179
 6434
 6747
 7095
 7400
 7915
 8189
 8456
 8248
 8074
 7729
 7167
 6200
 5352
 4423
 3594
 3046
 2349
 1889
 1620
 1369
 1175
 1024
 905
 797
 747
 687
 585
 533
 548
 522
 531
 539
 553
 624
 679
 726
 807
 993
 1116
 1333
 1571
 1970
 2403
 2939
 3326
 3821
 4327
 4661
 4824
 4763
 4498
 4170
 3805
 3298
 2801
 2226
 1821
 1539
 1213
 1085
 960
 821
 686
 605
 557
 486
 519
 412
 412
 370
 313
 298
 314
 355
 408
 429
 514
 588
 680
 706
 771
 839
 888
 889
 890
 919
 852
 855
 781
 812
 796
 917
 1023
 1181
 1387
 1650
 1863
 2013
 2209
 2272
 2365
 2362
 2259
 2015
 1765
 1597
 1407
 1141
 993
 801
 752
 653
 595
 637
 604
 695
 636
 678
 726
 720
 719
 715
 662
 654
 568
 521
 435
 385
 335
 266
 215
 162
 150
 135
 121
 107
 113
 89
 61
 60
 68
 65
 60
 46
 42
 46
 39
 35
 33
 28
 26
 40
 29
 31
 33
 23
 28
 30
 32
 40
 28
 35
 30
 35
 32
 38
 38
 34
 21
 35
 42
 34
 32
 32
 38
 22
 34
 31
 34
 42
 43
 34
 42
 41
 60
 57
 59
 53
 73
 81
 85
 94
 103
 109
 115
 148
 146
 206
 228
 264
 319
 368
 362
 403
 411
 396
 393
 347
 288
 270
 227
 191
 170
 137
 107
 100
 98
 102
 85
 73
 67
 66
 67
 73
 58
 42
 49
 44
 41
 54
 44
 44
 45
 49
 40
 49
 56
 38
 56
 41
 59
 42
 48
 62
 56
 56
 57
 49
 47
 37
 49
 46
 43
 45
 54
 47
 38
 36
 60
 57
 68
 58
 66
 73
 77
 72
 92
 82
 106
 129
 135
 133
 157
 171
 175
 227
 253
 267
 369
 427
 536
 624
 759
 765
 800
 876
 852
 846
 768
 694
 620
 534
 439
 337
 301
 319
 276
 246
 205
 228
 208
 237
 252
 256
 328
 340
 371
 417
 485
 482
 517
 518
 478
 508
 453
 413
 392
 308
 258
 234
 188
 153
 162
 136
 168
 112
 107
 96
 99
 100
 81
 81
 80
 67
 72
 76
 73
 79
 57
 49
 59
 70
 62
 62
 72
 61
 60
 49
 80
 56
 59
 57
 72
 58
 79
 52
 65
 63
 62
 60
 56
 73
 77
 63
 60
 57
 68
 66
 64
 60
 57
 66
 57
 67
 64
 77
 63
 65
 71
 73
 62
 74
 72
 71
 82
 82
 78
 79
 91
 79
 130
 128
 127
 137
 125
 153
 141
 196
 204
 260
 305
 360
 405
 485
 552
 594
 705
 730
 739
 744
 736
 616
 579
 509
 532
 397
 348
 287
 243
 228
 198
 156
 156
 138
 137
 135
 123
 131
 101
 98
 90
 72
 80
 94
 77
 82
 67
 75
 73
 69
 72
 76
 76
 71
 67
 80
 75
 74
 76
 74
 82
 85
 85
 88
 86
 103
 110
 98
 108
 108
 107
 123
 137
 117
 161
 155
 186
 224
 257
 270
 343
 346
 406
 458
 541
 551
 532
 543
 505
 448
 385
 385
 359
 276
 244
 215
 220
 175
 137
 143
 118
 125
 131
 98
 92
 80
 77
 70
 87
 85
 76
 95
 70
 75
 82
 63
 79
 67
 75
 73
 83
 79
 75
 78
 83
 74
 74
 79
 62
 75
 92
 78
 77
 57
 87
 65
 68
 84
 80
 67
 83
 81
 78
 88
 82
 62
 62
 56
 65
 77
 67
 69
 72
 58
 73
 68
 69
 71
 85
 68
 78
 72
 81
 74
 80
 62
 62
 76
 80
 78
 90
 96
 60
 96
 107
 82
 109
 105
 117
 104
 101
 120
 139
 127
 173
 197
 228
 235
 265
 294
 296
 317
 273
 292
 264
 263
 204
 235
 173
 151
 122
 125
 96
 87
 104
 88
 106
 79
 89
 76
 99
 79
 92
 82
 76
 72
 71
 73
 73
 55
 68
 67
 66
 69
 82
 67
 65
 71
 75
 101
 103
 88
 94
 115
 106
 123
 114
 129
 169
 175
 189
 186
 248
 313
 354
 353
 381
 480
 509
 514
 498
 498
 514
 462
 420
 363
 341
 318
 269
 248
 244
 224
 231
 230
 261
 267
 275
 320
 275
 293
 288
 258
 258
 218
 197
 189
 173
 143
 140
 127
 92
 125
 88
 102
 85
 92
 99
 93
 84
 77
 81
 71
 80
 85
 60
 66
 59
 69
 64
 66
 65
 73
 84
 60
 67
 63
 57
 59
 82
 67
 71
 58
 58
 69
 61
 58
 78
 70
 56
 62
 67
 62
 66
 66
 68
 78
 68
 76
 97
 103
 82
 90
 104
 105
 144
 150
 156
 141
 175
 194
 189
 232
 189
 251
 232
 211
 208
 179
 145
 160
 127
 117
 109
 84
 86
 95
 78
 81
 68
 78
 82
 68
 64
 50
 50
 65
 56
 61
 57
 48
 46
 53
 48
 58
 51
 53
 59
 57
 52
 53
 81
 46
 69
 67
 52
 92
 76
 71
 89
 91
 127
 90
 123
 150
 146
 150
 173
 164
 157
 151
 134
 113
 138
 104
 110
 121
 104
 132
 107
 110
 130
 121
 131
 122
 138
 115
 109
 86
 96
 86
 64
 90
 79
 69
 60
 64
 62
 56
 59
 71
 67
 61
 55
 57
 61
 65
 63
 77
 59
 79
 70
 81
 82
 82
 88
 79
 81
 62
 71
 70
 71
 70
 93
 69
 50
 57
 53
 52
 44
 41
 44
 41
 58
 48
 48
 48
 41
 58
 50
 54
 53
 59
 39
 48
 61
 61
 63
 61
 62
 52
 61
 67
 57
 60
 44
 69
 61
 49
 33
 64
 48
 42
 39
 37
 47
 41
 49
 43
 44
 40
 44
 59
 53
 51
 40
 57
 45
 53
 28
 39
 39
 45
 54
 54
 64
 49
 69
 70
 60
 69
 67
 93
 94
 106
 119
 124
 145
 151
 136
 148
 171
 153
 129
 133
 128
 111
 96
 102
 83
 82
 79
 84
 93
 101
 87
 91
 75
 75
 82
 72
 78
 65
 56
 58
 54
 50
 43
 43
 52
 39
 44
 39
 45
 33
 40
 37
 49
 37
 36
 42
 34
 31
 30
 30
 34
 49
 38
 40
 51
 42
 49
 45
 36
 40
 32
 29
 38
 37
 38
 44
 37
 55
 45
 36
 50
 65
 74
 59
 74
 70
 97
 90
 107
 116
 129
 123
 121
 115
 103
 108
 114
 101
 77
 88
 55
 75
 62
 66
 36
 52
 54
 46
 39
 40
 37
 39
 37
 45
 46
 49
 40
 41
 53
 54
 57
 38
 50
 33
 49
 55
 56
 71
 91
 80
 78
 103
 87
 110
 112
 104
 125
 122
 132
 110
 112
 122
 114
 92
 86
 72
 73
 59
 65
 48
 57
 41
 49
 40
 41
 39
 40
 33
 32
 33
 33
 26
 27
 34
 24
 29
 19
 30
 37
 26
 31
 34
 35
 34
 40
 37
 17
 35
 31
 24
 25
 26
 30
 23
 17
 34
 32
 29
 18
 40
 46
 25
 34
 32
 32
 28
 30
 35
 19
 31
 31
 22
 30
 25
 18
 25
 32
 24
 41
 30
 27
 35
 23
 26
 30
 25
 20
 18
 20
 23
 14
 21
 16
 13
 18
 18
 15
 24
 19
 12
 13
 19
 19
 14
 14
 17
 20
 11
 16
 19
 21
 14
 20
 15
 27
 24
 21
 22
 20
 40
 28
 37
 26
 26
 40
 39
 32
 36
 33
 29
 23
 31
 35
 41
 37
 36
 32
 36
 46
 50
 33
 29
 24
 28
 26
 21
 18
 29
 15
 24
 13
 19
 18
 17
 19
 14
 12
 12
 12
 19
 18
 10
 9
 7
 13
 16
 15
 18
 16
 12
 7
 20
 16
 16
 21
 13
 11
 19
 20
 20
 18
 22
 27
 21
 34
 30
 45
 38
 32
 45
 50
 36
 55
 39
 39
 34
 27
 32
 19
 19
 21
 30
 18
 16
 15
 14
 15
 9
 24
 17
 10
 17
 17
 18
 13
 11
 19
 17
 20
 17
 19
 24
 30
 28
 25
 21
 23
 32
 41
 44
 36
 35
 47
 41
 27
 32
 26
 39
 22
 24
 26
 23
 24
 19
 21
 25
 22
 24
 20
 13
 18
 23
 16
 9
 13
 11
 12
 17
 11
 12
 7
 11
 8
 13
 9
 8
 6
 12
 11
 9
 11
 9
 13
 14
 10
 9
 8
 11
 15
 8
 16
 7
 12
 13
 16
 14
 16
 11
 20
 15
 18
 17
 16
 23
 21
 25
 10
 21
 20
 16
 10
 16
 9
 14
 14
 12
 7
 7
 19
