VERSION:    3.1
ELEMENTS:              1
DATE:       Feb 09, 2015 15:12:04.**
CHANNELS:           2048
ROIS:        0
REAL_TIME:   300.0004883
LIVE_TIME:   286.9291992
CAL_OFFSET:  -9.2821151e-02
CAL_SLOPE:   9.5961029e-03
CAL_QUAD:    0.0000000e+00
TWO_THETA:   10.0000000
DATA: 
 0
 0
 0
 0
 0
 0
 0
 0
 0
 0
 0
 0
 0
 0
 0
 0
 0
 0
 0
 0
 0
 0
 0
 0
 0
 0
 0
 0
 0
 0
 0
 0
 0
 0
 0
 0
 0
 0
 0
 0
 0
 0
 0
 0
 0
 0
 0
 0
 0
 0
 0
 0
 0
 0
 0
 0
 0
 0
 0
 0
 0
 0
 0
 0
 0
 0
 0
 0
 0
 0
 0
 0
 0
 0
 0
 0
 0
 0
 0
 0
 0
 0
 0
 0
 0
 0
 0
 0
 0
 0
 0
 0
 0
 0
 0
 0
 0
 0
 0
 0
 0
 0
 0
 0
 0
 0
 0
 0
 0
 0
 0
 0
 0
 0
 0
 0
 0
 0
 0
 0
 0
 0
 0
 0
 0
 0
 0
 0
 0
 0
 0
 0
 0
 0
 0
 0
 0
 0
 0
 0
 0
 0
 0
 0
 0
 1
 0
 2
 1
 0
 0
 3
 3
 3
 1
 11
 9
 7
 15
 13
 19
 19
 27
 22
 45
 33
 53
 29
 31
 29
 33
 22
 18
 22
 12
 23
 22
 29
 24
 23
 30
 38
 36
 54
 57
 73
 79
 82
 84
 92
 98
 77
 73
 64
 62
 54
 36
 31
 23
 24
 33
 26
 34
 32
 30
 42
 37
 39
 41
 42
 46
 33
 39
 45
 40
 44
 39
 40
 32
 33
 27
 23
 24
 20
 18
 22
 25
 16
 18
 27
 16
 18
 24
 22
 12
 17
 16
 16
 20
 19
 19
 15
 27
 24
 35
 27
 29
 27
 19
 21
 31
 29
 37
 35
 36
 47
 36
 39
 44
 48
 39
 37
 49
 38
 40
 42
 53
 57
 74
 70
 57
 51
 51
 43
 42
 41
 40
 23
 27
 25
 22
 27
 21
 28
 26
 33
 25
 38
 52
 38
 40
 48
 36
 33
 36
 31
 33
 35
 31
 37
 38
 44
 46
 40
 47
 60
 73
 79
 96
 80
 120
 100
 101
 121
 100
 105
 89
 63
 76
 66
 81
 83
 70
 91
 107
 108
 131
 145
 175
 188
 190
 209
 280
 269
 274
 292
 190
 198
 155
 106
 77
 93
 63
 41
 52
 45
 37
 47
 47
 36
 40
 38
 50
 45
 39
 38
 35
 40
 26
 43
 48
 29
 46
 27
 38
 41
 46
 48
 45
 50
 63
 74
 92
 115
 109
 122
 140
 140
 162
 172
 158
 194
 237
 251
 315
 404
 518
 646
 828
 907
 985
 967
 1026
 932
 842
 707
 570
 430
 387
 330
 283
 248
 237
 248
 285
 307
 332
 343
 384
 392
 403
 403
 293
 257
 185
 211
 144
 130
 107
 89
 84
 95
 65
 59
 63
 61
 56
 65
 52
 66
 59
 67
 62
 66
 63
 60
 50
 56
 53
 67
 69
 69
 64
 77
 61
 68
 77
 70
 72
 75
 66
 85
 74
 72
 57
 90
 101
 105
 122
 134
 145
 128
 199
 227
 245
 308
 388
 452
 529
 626
 685
 731
 680
 739
 757
 674
 619
 481
 429
 411
 326
 247
 248
 228
 233
 241
 202
 224
 221
 221
 222
 195
 220
 274
 263
 319
 331
 389
 387
 430
 458
 470
 535
 633
 665
 700
 893
 1006
 1160
 1386
 1605
 1777
 1965
 1977
 2128
 2021
 1973
 1833
 1601
 1447
 1298
 1261
 1175
 1137
 1234
 1309
 1330
 1471
 1417
 1286
 1176
 1049
 904
 741
 644
 520
 437
 372
 295
 218
 219
 220
 217
 195
 164
 160
 147
 166
 149
 177
 132
 137
 136
 134
 129
 162
 123
 149
 149
 166
 149
 180
 213
 228
 223
 260
 272
 374
 419
 534
 645
 831
 998
 1249
 1494
 1773
 2035
 2232
 2220
 2291
 2109
 1945
 1627
 1391
 1060
 895
 717
 560
 474
 423
 346
 289
 286
 263
 226
 246
 273
 265
 292
 330
 342
 377
 435
 476
 530
 679
 809
 961
 1200
 1447
 1810
 1914
 2125
 2273
 2157
 2085
 1819
 1452
 1284
 1167
 867
 661
 588
 504
 386
 325
 267
 226
 236
 204
 200
 184
 182
 157
 175
 161
 167
 182
 158
 159
 151
 150
 176
 187
 176
 164
 222
 226
 245
 274
 260
 319
 304
 362
 352
 391
 408
 504
 501
 520
 574
 593
 620
 714
 820
 871
 924
 920
 957
 913
 835
 784
 634
 573
 495
 393
 369
 288
 289
 336
 312
 318
 349
 345
 387
 447
 600
 644
 778
 1051
 1301
 1738
 2155
 2723
 3484
 4256
 5528
 6639
 8139
 9321
 10679
 11475
 12478
 13337
 13779
 14371
 14683
 15465
 16360
 17142
 17469
 17543
 17264
 15907
 14330
 12293
 10140
 8230
 6460
 4958
 3787
 2931
 2239
 1813
 1386
 1145
 906
 678
 596
 432
 396
 369
 340
 324
 328
 317
 355
 369
 424
 495
 550
 713
 739
 822
 926
 1018
 1032
 1059
 1008
 966
 839
 744
 597
 533
 429
 407
 343
 331
 293
 311
 272
 258
 250
 267
 300
 315
 336
 382
 432
 524
 574
 645
 667
 789
 734
 752
 782
 768
 754
 737
 757
 694
 694
 749
 658
 628
 554
 566
 546
 580
 553
 611
 719
 868
 1049
 1282
 1648
 2015
 2414
 2993
 3419
 3890
 4351
 4522
 4605
 4466
 4298
 3855
 3467
 3058
 2459
 2163
 1747
 1516
 1304
 1173
 1109
 1047
 1101
 1157
 1287
 1283
 1376
 1478
 1405
 1305
 1365
 1194
 1105
 988
 829
 695
 583
 481
 420
 359
 296
 273
 301
 283
 264
 250
 283
 338
 262
 277
 260
 246
 228
 220
 218
 193
 176
 184
 141
 138
 123
 141
 113
 90
 87
 78
 83
 64
 67
 72
 72
 87
 80
 72
 74
 72
 98
 101
 112
 141
 135
 148
 199
 202
 268
 284
 290
 283
 281
 302
 269
 240
 211
 183
 172
 127
 134
 134
 131
 122
 127
 136
 143
 146
 183
 228
 226
 256
 314
 318
 348
 379
 341
 337
 306
 288
 248
 219
 177
 120
 144
 118
 105
 108
 102
 77
 70
 61
 81
 66
 69
 89
 75
 71
 74
 71
 63
 83
 75
 68
 74
 80
 76
 89
 89
 94
 85
 106
 115
 90
 103
 88
 73
 93
 85
 103
 79
 81
 105
 92
 99
 86
 100
 106
 122
 133
 148
 169
 182
 196
 223
 248
 234
 270
 244
 241
 296
 248
 239
 228
 224
 214
 178
 178
 146
 143
 114
 101
 128
 103
 100
 98
 95
 104
 82
 118
 116
 120
 115
 135
 174
 147
 178
 216
 234
 221
 189
 248
 200
 203
 208
 205
 180
 134
 132
 139
 151
 127
 143
 163
 180
 171
 227
 222
 274
 290
 274
 257
 300
 260
 265
 235
 249
 222
 203
 193
 167
 164
 149
 126
 128
 122
 123
 110
 109
 116
 104
 113
 99
 119
 88
 105
 103
 113
 138
 151
 161
 162
 170
 167
 161
 149
 161
 172
 166
 138
 140
 128
 150
 133
 126
 148
 154
 161
 188
 202
 199
 215
 243
 244
 241
 239
 295
 248
 230
 239
 250
 211
 221
 197
 154
 167
 163
 142
 142
 142
 126
 134
 140
 121
 107
 122
 115
 110
 125
 127
 125
 149
 155
 143
 141
 148
 144
 153
 166
 148
 148
 151
 114
 160
 111
 146
 145
 137
 155
 148
 165
 175
 184
 184
 165
 179
 204
 173
 172
 152
 145
 150
 139
 114
 150
 136
 89
 93
 121
 101
 95
 109
 102
 110
 108
 137
 91
 116
 117
 134
 135
 123
 122
 133
 152
 167
 155
 127
 159
 147
 127
 146
 153
 134
 130
 145
 159
 174
 169
 168
 208
 204
 209
 212
 234
 197
 210
 236
 193
 196
 163
 180
 175
 169
 159
 134
 122
 128
 130
 109
 122
 143
 141
 144
 118
 168
 163
 156
 177
 195
 203
 211
 202
 207
 229
 235
 184
 200
 187
 171
 172
 170
 186
 168
 185
 181
 189
 224
 209
 228
 214
 185
 214
 230
 228
 183
 158
 160
 166
 170
 146
 151
 108
 124
 115
 125
 131
 129
 107
 113
 105
 108
 104
 99
 135
 120
 125
 133
 112
 97
 108
 125
 112
 111
 121
 124
 128
 140
 143
 120
 128
 140
 155
 150
 173
 198
 196
 192
 181
 191
 189
 170
 191
 182
 155
 164
 173
 133
 134
 132
 109
 136
 121
 124
 154
 136
 153
 131
 158
 164
 176
 158
 168
 154
 157
 152
 144
 175
 152
 133
 126
 121
 151
 136
 166
 132
 137
 136
 147
 130
 128
 135
 139
 125
 127
 107
 128
 125
 108
 113
 117
 116
 139
 107
 128
 120
 113
 112
 119
 121
 124
 97
 99
 116
 120
 117
 124
 139
 120
 117
 136
 128
 126
 166
 158
 166
 165
 186
 172
 211
 194
 199
 194
 174
 201
 185
 187
 139
 125
 138
 150
 126
 120
 114
 130
 121
 145
 119
 124
 138
 130
 137
 141
 130
 118
 132
 148
 152
 148
 140
 156
 144
 139
 151
 139
 139
 130
 124
 134
 153
 154
 137
 161
 143
 127
 151
 146
 149
 134
 100
 137
 107
 112
 110
 126
 113
 101
 113
 108
 117
 106
 103
 120
 115
 111
 121
 130
 104
 127
 129
 103
 103
 117
 107
 119
 111
 105
 123
 106
 106
 100
 116
 99
 118
 106
 90
 118
 93
 98
 107
 75
 98
 97
 97
 104
 98
 92
 119
 102
 105
 116
 116
 113
 102
 117
 113
 122
 120
 110
 106
 118
 113
 108
 112
 112
 101
 110
 90
 127
 96
 104
 125
 102
 114
 98
 138
 85
 94
 92
 102
 87
 98
 85
 96
 123
 104
 93
 91
 109
 116
 100
 108
 106
 111
 109
 93
 90
 91
 107
 95
 96
 88
 81
 106
 116
 100
 114
 97
 123
 110
 92
 97
 109
 87
 94
 104
 89
 98
 79
 85
 85
 89
 89
 84
 99
 88
 88
 98
 96
 90
 93
 104
 114
 128
 126
 122
 119
 128
 122
 138
 129
 145
 116
 114
 111
 99
 110
 92
 84
 88
 73
 74
 82
 75
 82
 87
 80
 91
 78
 81
 69
 87
 76
 80
 91
 68
 81
 82
 97
 90
 75
 78
 72
 76
 108
 84
 92
 109
 91
 82
 87
 107
 88
 101
 72
 97
 90
 74
 75
 79
 77
 69
 101
 62
 63
 74
 60
 69
 75
 62
 69
 71
 82
 68
 61
 85
 82
 68
 75
 75
 71
 79
 57
 65
 60
 54
 68
 72
 66
 51
 62
 58
 51
 55
 63
 62
 59
 53
 70
 54
 74
 70
 70
 50
 61
 66
 61
 62
 72
 62
 61
 63
 68
 56
 62
 72
 89
 69
 67
 67
 74
 70
 64
 73
 68
 70
 83
 60
 65
 72
 66
 60
 63
 59
 65
 64
 71
 58
 58
 69
 62
 68
 64
 65
 56
 54
 56
 75
 66
 68
 41
 74
 61
 69
 68
 58
 56
 56
 47
 62
 68
 60
 56
 66
 67
 55
 63
 58
 52
 56
 51
 75
 57
 66
 55
 65
 53
 62
 46
 45
 57
 57
 58
 57
 53
 60
 62
 59
 56
 55
 63
 53
 59
 56
 40
 47
 69
 59
 71
 76
 73
 60
 54
 72
 61
 57
 58
 74
 66
 71
 69
 76
 64
 63
 70
 63
 80
 62
 52
 62
 44
 62
 49
 48
 50
 36
 52
 34
 42
 49
 60
 51
 48
 48
 46
 50
 49
 40
 42
 32
 49
 45
 49
 36
 58
 51
 38
 54
 55
 41
 43
 41
 39
 53
 36
 49
 58
 55
 44
 49
 53
 53
 31
 46
 50
 56
 33
 30
 41
 44
 27
 39
 28
 36
 30
 40
 40
 52
 30
 25
 22
 31
 36
 29
 44
 30
 30
 30
 34
 28
 35
 24
 34
 26
 27
 25
 25
 27
 23
 31
 21
 23
 33
 23
 20
 37
 27
 23
 27
 34
 23
 40
 25
 26
 30
 25
 36
 35
 34
 23
 19
 25
 38
 27
 31
 36
 35
 30
 32
 43
 22
 34
 25
 33
 39
 44
 28
 33
 34
 26
 29
 24
 31
 22
 25
 30
 30
 39
 23
 30
 26
 23
 21
 24
 19
 21
 32
 19
 33
 29
 21
 25
 28
 17
 26
 20
 27
 18
 19
 21
 30
 25
 24
 25
 21
 22
 33
 16
 22
 27
 21
 24
 14
 24
 32
 27
 23
 24
 26
 23
 21
 30
 18
 23
 15
 20
 18
 29
 21
 20
 28
 24
 23
 27
 14
 28
 15
 29
 23
 13
 15
 21
 21
 13
 18
 22
 18
 19
 21
 18
 20
 24
 19
 13
 28
 22
 15
 17
 19
 23
 18
 19
 27
 23
 19
 20
 18
 20
 14
 21
 20
 17
 14
 24
 27
 16
 22
 20
 16
 31
 8
 24
 22
 16
 19
 19
 25
 16
 12
 11
 15
 29
 20
 18
 25
 15
 22
 20
 14
 19
 13
 23
 16
 15
 18
 13
 11
 19
 16
 18
 12
 21
 16
 13
 12
 18
 18
 19
 12
 19
 21
 17
 15
 20
 21
 20
 17
 15
 20
 14
 16
 11
 23
 15
 17
 23
 16
 17
 18
 12
 19
 18
 12
 20
 16
 20
