VERSION:    3.1
ELEMENTS:              1
DATE:       Feb 13, 2015 14:42:29.**
CHANNELS:           2048
ROIS:        0
REAL_TIME:   300.0004883
LIVE_TIME:   279.1400452
CAL_OFFSET:  -9.2821151e-02
CAL_SLOPE:   9.5961029e-03
CAL_QUAD:    0.0000000e+00
TWO_THETA:   10.0000000
DATA: 
 0
 0
 0
 0
 0
 0
 0
 0
 0
 0
 0
 0
 0
 0
 0
 0
 0
 0
 0
 0
 0
 0
 0
 0
 0
 0
 0
 0
 0
 0
 0
 0
 0
 0
 0
 0
 0
 0
 0
 0
 0
 0
 0
 0
 0
 0
 0
 0
 0
 0
 0
 0
 0
 0
 0
 0
 0
 0
 0
 0
 0
 0
 0
 0
 0
 0
 0
 0
 0
 0
 0
 0
 0
 0
 0
 0
 0
 0
 0
 0
 0
 0
 0
 0
 0
 0
 0
 0
 0
 0
 0
 0
 0
 0
 0
 0
 0
 0
 0
 0
 0
 0
 0
 0
 0
 0
 0
 0
 0
 0
 0
 0
 0
 0
 0
 0
 0
 0
 0
 0
 0
 0
 0
 0
 0
 0
 0
 0
 0
 0
 0
 0
 0
 0
 0
 0
 0
 0
 0
 0
 0
 0
 0
 0
 0
 0
 2
 0
 0
 0
 1
 1
 1
 3
 5
 12
 10
 13
 18
 23
 23
 38
 41
 40
 40
 38
 38
 32
 36
 28
 27
 30
 21
 30
 18
 35
 30
 27
 26
 42
 26
 33
 26
 34
 37
 38
 28
 28
 25
 34
 16
 36
 32
 40
 34
 31
 31
 34
 29
 29
 32
 28
 22
 25
 30
 29
 35
 30
 32
 26
 38
 45
 40
 46
 50
 67
 63
 53
 65
 43
 37
 36
 29
 31
 40
 25
 39
 21
 29
 23
 35
 29
 24
 45
 29
 28
 21
 28
 24
 21
 42
 29
 25
 31
 34
 39
 30
 36
 44
 31
 33
 50
 37
 45
 49
 39
 55
 59
 57
 66
 63
 56
 36
 50
 40
 39
 34
 38
 28
 29
 31
 30
 24
 25
 33
 20
 22
 26
 24
 24
 19
 22
 34
 29
 26
 24
 37
 19
 28
 48
 32
 26
 27
 31
 33
 29
 24
 27
 22
 30
 41
 38
 27
 22
 23
 28
 15
 34
 32
 22
 32
 27
 30
 30
 29
 28
 45
 18
 25
 29
 25
 24
 25
 29
 24
 23
 29
 29
 24
 23
 34
 22
 25
 30
 25
 29
 32
 23
 22
 38
 21
 27
 33
 39
 23
 32
 20
 24
 21
 35
 17
 28
 29
 32
 32
 40
 31
 27
 25
 28
 25
 23
 33
 28
 34
 38
 33
 35
 22
 42
 32
 35
 24
 31
 25
 28
 29
 28
 37
 41
 30
 36
 39
 37
 35
 36
 30
 44
 57
 40
 37
 38
 34
 23
 34
 35
 33
 41
 24
 31
 47
 43
 35
 38
 40
 48
 45
 37
 48
 40
 40
 51
 45
 49
 54
 40
 56
 34
 55
 47
 56
 51
 42
 48
 55
 52
 53
 55
 55
 53
 46
 44
 69
 68
 61
 65
 71
 64
 73
 90
 77
 97
 93
 84
 104
 118
 157
 158
 215
 239
 261
 235
 228
 268
 240
 201
 198
 182
 177
 161
 167
 204
 192
 222
 222
 262
 307
 364
 416
 530
 624
 728
 846
 999
 918
 959
 950
 868
 765
 657
 552
 478
 389
 373
 314
 287
 256
 218
 233
 234
 209
 193
 193
 253
 220
 262
 270
 286
 279
 323
 357
 368
 350
 394
 395
 410
 439
 442
 476
 473
 429
 430
 339
 327
 336
 274
 232
 198
 209
 167
 148
 158
 147
 127
 124
 126
 110
 123
 119
 125
 136
 112
 130
 129
 98
 123
 150
 137
 131
 120
 138
 120
 131
 144
 125
 126
 143
 127
 117
 166
 127
 139
 158
 161
 172
 169
 186
 145
 163
 168
 164
 179
 153
 158
 189
 170
 177
 172
 181
 179
 211
 197
 236
 239
 252
 286
 285
 324
 311
 349
 355
 346
 324
 288
 273
 250
 232
 225
 223
 179
 193
 192
 182
 202
 225
 222
 215
 220
 217
 245
 285
 275
 227
 280
 251
 252
 252
 243
 212
 234
 201
 211
 213
 213
 221
 202
 202
 188
 203
 218
 200
 210
 237
 225
 229
 203
 232
 228
 216
 221
 240
 188
 215
 231
 201
 220
 225
 204
 240
 239
 274
 253
 239
 263
 288
 260
 299
 299
 343
 347
 391
 416
 435
 432
 535
 562
 571
 714
 773
 894
 1161
 1365
 1740
 2136
 2607
 3249
 4056
 5057
 6464
 8324
 10799
 13959
 18150
 22862
 27950
 32598
 36674
 37832
 37200
 34762
 31063
 26039
 21368
 16707
 12912
 9815
 7761
 6056
 5029
 4043
 3440
 3029
 2719
 2571
 2835
 3011
 3505
 4344
 5132
 6285
 7513
 9010
 9996
 10999
 11425
 11985
 12684
 13051
 14106
 14744
 15754
 16594
 16361
 16078
 14940
 13185
 11397
 9480
 7344
 5717
 4547
 3475
 2774
 2166
 1732
 1483
 1187
 1001
 805
 626
 549
 495
 455
 384
 376
 381
 333
 316
 375
 327
 342
 338
 342
 334
 330
 305
 319
 312
 319
 321
 296
 268
 271
 271
 240
 267
 256
 229
 267
 257
 275
 306
 320
 369
 407
 457
 512
 639
 841
 936
 1182
 1483
 1881
 2233
 2853
 3714
 4619
 5548
 6887
 8038
 8904
 9754
 9899
 9912
 9246
 8495
 7440
 6279
 5186
 4234
 3366
 2789
 2291
 1984
 1955
 1761
 1882
 2016
 2272
 2718
 2917
 3612
 3911
 4298
 4411
 4494
 4436
 4155
 3776
 3317
 2869
 2462
 1968
 1664
 1332
 1145
 1080
 919
 938
 963
 992
 1069
 1179
 1172
 1258
 1372
 1287
 1285
 1193
 1029
 922
 800
 719
 599
 420
 375
 294
 276
 191
 211
 169
 133
 144
 128
 116
 104
 100
 105
 73
 101
 71
 91
 82
 67
 77
 80
 78
 85
 73
 73
 81
 90
 97
 59
 66
 83
 78
 88
 69
 79
 78
 58
 82
 83
 79
 61
 86
 90
 87
 89
 85
 82
 85
 74
 81
 97
 83
 92
 69
 82
 67
 86
 100
 84
 79
 95
 99
 92
 106
 107
 124
 93
 108
 110
 119
 108
 121
 107
 113
 109
 105
 90
 77
 79
 100
 81
 63
 74
 89
 70
 72
 76
 75
 85
 85
 67
 81
 94
 73
 87
 70
 83
 73
 84
 87
 76
 84
 84
 63
 80
 78
 73
 86
 88
 74
 90
 90
 75
 83
 85
 86
 84
 75
 91
 85
 101
 76
 78
 78
 86
 85
 85
 103
 85
 91
 82
 95
 92
 94
 80
 85
 88
 103
 96
 85
 78
 105
 96
 115
 86
 94
 94
 94
 87
 109
 96
 82
 96
 100
 98
 107
 91
 90
 108
 106
 100
 105
 114
 106
 91
 115
 83
 106
 104
 102
 85
 105
 96
 103
 95
 117
 110
 104
 109
 120
 112
 113
 83
 95
 97
 121
 107
 116
 106
 96
 121
 90
 119
 146
 118
 91
 99
 95
 107
 115
 86
 117
 110
 110
 109
 113
 112
 104
 112
 110
 123
 114
 114
 109
 117
 108
 111
 124
 116
 114
 112
 109
 127
 117
 126
 118
 124
 152
 130
 110
 112
 121
 135
 132
 128
 149
 146
 130
 138
 116
 127
 148
 135
 129
 142
 153
 148
 169
 144
 168
 175
 167
 244
 265
 274
 391
 454
 544
 688
 811
 1032
 1309
 1559
 2083
 2666
 3260
 4124
 4799
 5496
 6172
 6583
 7035
 7002
 6764
 6391
 5737
 5109
 4164
 3539
 2845
 2183
 1784
 1423
 1186
 857
 702
 590
 481
 419
 365
 300
 279
 246
 224
 197
 185
 199
 161
 210
 183
 153
 146
 160
 166
 143
 152
 166
 184
 171
 185
 158
 179
 151
 169
 153
 141
 145
 166
 160
 144
 127
 153
 180
 157
 148
 149
 132
 166
 160
 136
 153
 164
 153
 153
 148
 143
 154
 154
 155
 165
 175
 177
 156
 156
 145
 157
 146
 160
 154
 159
 123
 159
 158
 166
 173
 179
 135
 164
 142
 145
 161
 175
 158
 155
 143
 126
 167
 130
 143
 167
 160
 144
 161
 157
 158
 162
 149
 146
 159
 185
 161
 145
 169
 152
 162
 151
 157
 138
 177
 181
 188
 151
 147
 127
 192
 164
 143
 160
 141
 139
 158
 168
 144
 140
 130
 144
 136
 165
 153
 169
 152
 165
 140
 155
 139
 175
 164
 157
 156
 134
 167
 159
 134
 157
 162
 162
 155
 185
 173
 185
 141
 158
 141
 160
 171
 161
 178
 163
 159
 159
 168
 166
 166
 206
 208
 248
 291
 353
 390
 521
 600
 696
 822
 1046
 1338
 1680
 2031
 2587
 3105
 3694
 4195
 4712
 4957
 4897
 4888
 4460
 4062
 3595
 3005
 2469
 2125
 1635
 1287
 1022
 855
 677
 571
 472
 389
 327
 304
 239
 246
 230
 211
 194
 187
 198
 182
 180
 161
 182
 164
 165
 162
 193
 169
 169
 196
 182
 158
 176
 204
 168
 197
 219
 232
 250
 263
 286
 336
 359
 375
 415
 510
 611
 677
 807
 855
 942
 943
 948
 947
 813
 816
 735
 662
 554
 511
 382
 342
 328
 257
 230
 264
 210
 205
 193
 192
 191
 173
 181
 180
 162
 180
 167
 177
 170
 154
 158
 138
 157
 169
 155
 166
 164
 147
 150
 172
 165
 159
 169
 124
 156
 149
 140
 158
 162
 133
 162
 142
 156
 132
 139
 146
 158
 170
 128
 161
 158
 144
 156
 127
 142
 159
 132
 158
 149
 140
 153
 148
 135
 146
 143
 142
 129
 145
 132
 132
 147
 127
 164
 157
 137
 170
 154
 131
 133
 128
 154
 148
 169
 170
 150
 140
 150
 161
 125
 150
 121
 150
 159
 169
 173
 149
 163
 161
 145
 153
 135
 136
 125
 156
 136
 157
 123
 139
 186
 157
 115
 141
 130
 158
 153
 162
 152
 157
 158
 163
 172
 203
 159
 163
 182
 180
 179
 180
 181
 202
 178
 200
 187
 175
 177
 169
 157
 174
 157
 154
 154
 148
 134
 114
 147
 138
 138
 151
 152
 141
 139
 107
 128
 151
 144
 151
 128
 140
 128
 130
 149
 144
 138
 167
 150
 140
 179
 144
 183
 166
 195
 215
 225
 207
 183
 198
 202
 209
 183
 170
 172
 180
 168
 154
 153
 158
 161
 179
 178
 194
 199
 247
 288
 253
 333
 368
 421
 559
 552
 598
 648
 664
 657
 673
 563
 535
 496
 448
 382
 346
 289
 259
 221
 200
 170
 174
 133
 147
 158
 124
 153
 128
 100
 131
 93
 129
 130
 117
 122
 119
 106
 113
 115
 96
 127
 115
 123
 98
 86
 109
 104
 123
 111
 98
 114
 111
 109
 108
 105
 113
 106
 114
 102
 111
 107
 99
 88
 117
 111
 86
 130
 90
 120
 126
 100
 116
 96
 100
 101
 87
 99
 109
 84
 89
 97
 85
 106
 101
 100
 91
 85
 112
 109
 88
 110
 92
 90
 108
 92
 99
 91
 87
 92
 98
 81
 87
 76
 94
 70
 94
 105
 84
 86
 84
 97
 99
 98
 87
 77
 78
 89
 88
 86
 90
 85
 103
 71
 82
 106
 98
 102
 82
 108
 96
 99
 134
 112
 137
 147
 192
 214
 245
 232
 304
 365
 446
 543
 561
 653
 712
 815
 774
 847
 805
 789
 757
 689
 593
 541
 437
 372
 320
 289
 221
 217
 153
 144
 127
 115
 109
 127
 108
 117
 114
 108
 106
 108
 112
 117
 109
 108
 132
 110
 133
 163
 171
 192
 188
 235
 302
 330
 362
 373
 413
 428
 465
 462
 495
 426
 453
 387
 400
 323
 289
 241
 251
 211
 154
 154
 123
 118
 111
 114
 105
 90
 93
 77
 103
 70
 94
 77
 81
 84
 66
 76
 75
 68
 70
 104
 77
 98
 80
 80
 77
 62
 79
 77
 77
 91
 79
 67
 67
 73
 96
 81
 72
 67
 62
 58
 53
 47
 62
 70
 51
 58
 61
 76
 43
 44
 42
 42
 56
 47
 53
 31
 48
 47
 43
 46
 44
 42
 45
 38
 37
 50
 49
 50
 57
 37
 50
 43
 48
 47
 43
 46
 44
 32
 44
 65
 45
 56
 34
 49
 37
 46
 47
 39
 49
 42
 38
 46
 34
 51
 41
 46
 38
 40
 42
 50
 40
 30
 46
 35
 36
 41
 37
 49
 47
 35
 46
 46
 36
 42
 47
 43
 33
 38
 38
 39
 38
 40
 39
 23
 36
 27
 34
 35
 36
 44
 36
 31
 38
 30
 58
 41
 43
 54
 50
 42
 80
 72
 94
 105
 132
 149
 169
 188
 278
 293
 324
 391
 436
 435
 416
 440
 445
 446
 413
 324
 305
 302
 214
 187
 137
 130
 113
 100
 84
 58
 67
 64
 59
 42
 41
 41
 38
 44
 52
 47
 41
 33
 40
 34
 32
 38
 32
 28
 31
 31
 28
 31
 27
 34
 35
 36
 40
 22
 35
 30
 45
 32
 36
 29
 30
 33
 35
 45
 25
 31
 40
 33
 31
 28
 38
 36
 23
 36
 25
 30
 29
 35
 33
 28
 23
 36
 34
 31
 27
 25
 20
 26
 35
 23
 32
 29
 29
 37
 22
 24
 27
 26
 41
 25
 23
 30
 26
 22
 32
 34
 33
 38
 41
 41
 40
 35
 52
 55
 52
 62
 66
 84
 105
 119
 144
 170
 198
 234
 243
 247
 258
 261
 270
 266
 215
 188
 176
 171
 137
 135
 103
 82
 93
 64
 51
