VERSION:    3.1
ELEMENTS:              1
DATE:       Feb 06, 2015 18:38:55.**
CHANNELS:           2048
ROIS:        14
REAL_TIME:   180.0005035
LIVE_TIME:   171.1551514
CAL_OFFSET:  -9.2821151e-02
CAL_SLOPE:   9.5961029e-03
CAL_QUAD:    0.0000000e+00
TWO_THETA:   10.0000000
ROI_0_LEFT:   353
ROI_0_RIGHT:   403
ROI_0_LABEL: Na Ka & 
ROI_1_LEFT:   441
ROI_1_RIGHT:   491
ROI_1_LABEL: Mg Ka & 
ROI_2_LEFT:   517
ROI_2_RIGHT:   567
ROI_2_LABEL: Al Ka & 
ROI_3_LEFT:   610
ROI_3_RIGHT:   660
ROI_3_LABEL: Si Ka & 
ROI_4_LEFT:   714
ROI_4_RIGHT:   764
ROI_4_LABEL: P Ka & 
ROI_5_LEFT:   775
ROI_5_RIGHT:   825
ROI_5_LABEL: 2185eV & 
ROI_6_LEFT:   825
ROI_6_RIGHT:   875
ROI_6_LABEL: S Ka & 
ROI_7_LEFT:   900
ROI_7_RIGHT:   950
ROI_7_LABEL: 2535eV & 
ROI_8_LEFT:   930
ROI_8_RIGHT:   980
ROI_8_LABEL: Cl Ka & 
ROI_9_LEFT:   1012
ROI_9_RIGHT:   1062
ROI_9_LABEL: 2850eV & 
ROI_10_LEFT:   1054
ROI_10_RIGHT:   1102
ROI_10_LABEL: Ar Ka & 
ROI_11_LEFT:   1191
ROI_11_RIGHT:   1241
ROI_11_LABEL: K Ka & 
ROI_12_LEFT:   1329
ROI_12_RIGHT:   1379
ROI_12_LABEL: Ca Ka & 
ROI_13_LEFT:   1443
ROI_13_RIGHT:   1493
ROI_13_LABEL: 4100eV & 
DATA: 
 0
 0
 0
 0
 0
 0
 0
 0
 0
 0
 0
 0
 0
 0
 0
 0
 0
 0
 0
 0
 0
 0
 0
 0
 0
 0
 0
 0
 0
 0
 0
 0
 0
 0
 0
 0
 0
 0
 0
 0
 0
 0
 0
 0
 0
 0
 0
 0
 0
 0
 0
 0
 0
 0
 0
 0
 0
 0
 0
 0
 0
 0
 0
 0
 0
 0
 0
 0
 0
 0
 0
 0
 0
 0
 0
 0
 0
 0
 0
 0
 0
 0
 0
 0
 0
 0
 0
 0
 0
 0
 0
 0
 0
 0
 0
 0
 0
 0
 0
 0
 0
 0
 0
 0
 0
 0
 0
 0
 0
 0
 0
 0
 0
 0
 0
 0
 0
 1
 0
 1
 0
 0
 0
 0
 0
 0
 0
 0
 0
 0
 0
 1
 0
 1
 2
 0
 0
 0
 0
 0
 0
 2
 1
 0
 0
 1
 0
 1
 0
 0
 0
 0
 0
 0
 3
 0
 4
 0
 1
 3
 4
 2
 2
 1
 2
 3
 4
 2
 0
 1
 1
 0
 4
 1
 2
 0
 1
 3
 3
 2
 3
 2
 2
 3
 0
 5
 5
 3
 2
 6
 4
 2
 5
 5
 4
 2
 6
 2
 2
 1
 2
 2
 4
 3
 1
 2
 2
 5
 1
 2
 4
 4
 2
 4
 2
 0
 2
 2
 1
 3
 4
 2
 2
 6
 3
 6
 1
 3
 2
 4
 4
 3
 5
 3
 2
 3
 6
 0
 4
 4
 0
 5
 5
 2
 9
 8
 7
 5
 1
 1
 4
 8
 2
 6
 7
 3
 4
 4
 5
 5
 5
 3
 4
 6
 5
 6
 6
 4
 4
 7
 3
 2
 3
 8
 5
 4
 10
 11
 10
 16
 16
 14
 24
 17
 23
 30
 20
 16
 23
 31
 27
 32
 32
 25
 33
 33
 31
 32
 36
 19
 40
 27
 29
 19
 22
 28
 19
 8
 21
 11
 11
 8
 9
 8
 6
 5
 11
 12
 2
 2
 5
 4
 6
 5
 4
 6
 0
 2
 2
 1
 2
 3
 0
 3
 2
 1
 3
 2
 1
 0
 2
 2
 2
 2
 2
 1
 3
 6
 0
 3
 0
 1
 3
 1
 4
 1
 1
 4
 1
 3
 4
 4
 2
 3
 4
 7
 2
 2
 5
 2
 2
 2
 2
 4
 2
 3
 4
 4
 0
 3
 5
 1
 3
 2
 2
 3
 1
 2
 2
 3
 5
 5
 4
 1
 1
 0
 0
 6
 1
 1
 1
 1
 3
 2
 6
 3
 6
 2
 2
 1
 1
 6
 2
 3
 2
 1
 5
 4
 2
 6
 5
 4
 5
 4
 0
 0
 4
 5
 2
 4
 8
 5
 8
 5
 8
 8
 2
 11
 9
 5
 13
 10
 12
 17
 13
 20
 17
 20
 24
 17
 16
 15
 14
 18
 22
 13
 11
 21
 19
 18
 12
 17
 18
 10
 14
 10
 11
 14
 8
 5
 6
 4
 1
 9
 5
 4
 4
 4
 4
 2
 5
 4
 3
 3
 5
 4
 7
 3
 5
 4
 7
 7
 0
 0
 5
 4
 1
 4
 10
 5
 6
 5
 8
 6
 6
 6
 4
 6
 9
 3
 9
 5
 4
 7
 7
 4
 7
 7
 8
 4
 6
 6
 8
 4
 1
 5
 2
 4
 6
 2
 6
 3
 0
 2
 1
 1
 1
 4
 1
 4
 1
 1
 1
 2
 2
 2
 1
 3
 1
 1
 3
 5
 1
 1
 2
 2
 2
 1
 2
 1
 4
 4
 7
 2
 1
 3
 1
 1
 3
 1
 0
 1
 2
 6
 5
 2
 4
 2
 2
 2
 2
 4
 3
 3
 3
 2
 1
 0
 3
 4
 3
 2
 0
 3
 0
 1
 1
 2
 0
 1
 0
 5
 1
 2
 3
 2
 3
 0
 0
 3
 2
 4
 1
 3
 4
 5
 1
 1
 1
 1
 0
 2
 2
 2
 1
 2
 3
 2
 0
 2
 2
 3
 2
 1
 3
 2
 3
 2
 2
 3
 4
 2
 4
 6
 3
 2
 1
 1
 1
 2
 3
 2
 1
 1
 1
 2
 4
 1
 2
 2
 2
 2
 0
 2
 4
 2
 2
 2
 2
 5
 2
 1
 5
 1
 2
 7
 2
 1
 1
 2
 5
 1
 1
 2
 1
 3
 1
 0
 5
 8
 1
 1
 4
 2
 3
 3
 1
 4
 1
 2
 2
 2
 4
 3
 0
 3
 3
 3
 2
 1
 2
 3
 1
 1
 0
 0
 3
 4
 1
 3
 5
 3
 4
 5
 3
 1
 4
 5
 4
 3
 3
 0
 3
 2
 3
 3
 2
 3
 2
 6
 3
 3
 1
 2
 2
 1
 6
 2
 4
 0
 0
 3
 1
 1
 3
 2
 3
 4
 1
 4
 4
 0
 5
 3
 0
 1
 3
 2
 5
 3
 4
 2
 2
 3
 1
 1
 2
 5
 1
 1
 0
 2
 3
 1
 0
 3
 2
 1
 0
 3
 2
 4
 4
 5
 2
 1
 3
 2
 3
 1
 2
 3
 3
 5
 1
 1
 2
 3
 1
 4
 3
 1
 2
 0
 3
 3
 3
 0
 2
 1
 2
 2
 1
 0
 2
 2
 1
 2
 3
 0
 3
 2
 1
 1
 0
 2
 3
 2
 1
 0
 1
 2
 4
 1
 3
 1
 1
 2
 1
 0
 2
 3
 0
 1
 1
 0
 0
 0
 0
 2
 1
 0
 0
 1
 2
 0
 1
 1
 0
 0
 1
 0
 0
 2
 1
 1
 0
 3
 1
 0
 1
 2
 0
 1
 0
 1
 0
 2
 1
 0
 1
 0
 2
 1
 0
 3
 1
 0
 0
 1
 1
 2
 0
 1
 0
 1
 0
 0
 0
 1
 0
 0
 2
 0
 1
 1
 1
 2
 0
 0
 0
 0
 0
 0
 0
 1
 2
 2
 1
 1
 2
 1
 0
 0
 1
 0
 2
 0
 1
 0
 1
 1
 1
 1
 0
 0
 0
 0
 0
 0
 0
 0
 0
 2
 0
 0
 1
 1
 1
 1
 0
 1
 0
 0
 2
 0
 2
 2
 1
 0
 1
 0
 0
 1
 0
 0
 0
 0
 0
 0
 0
 0
 0
 1
 0
 3
 0
 1
 0
 0
 0
 1
 0
 3
 1
 1
 1
 0
 0
 0
 0
 1
 2
 0
 0
 0
 1
 1
 1
 0
 0
 0
 3
 0
 0
 0
 0
 0
 0
 0
 0
 0
 0
 0
 0
 0
 0
 0
 1
 0
 1
 0
 0
 0
 1
 2
 0
 0
 1
 1
 1
 0
 0
 1
 0
 0
 0
 2
 0
 0
 2
 1
 0
 0
 0
 0
 0
 0
 0
 0
 1
 0
 1
 1
 0
 0
 1
 2
 2
 0
 0
 0
 0
 0
 0
 1
 0
 1
 1
 1
 0
 0
 0
 0
 0
 1
 2
 0
 1
 0
 1
 0
 1
 0
 0
 0
 0
 0
 0
 0
 0
 0
 1
 2
 2
 0
 0
 0
 1
 0
 0
 1
 0
 1
 1
 0
 0
 0
 0
 1
 0
 0
 0
 0
 0
 0
 0
 1
 0
 1
 0
 0
 1
 0
 1
 0
 1
 0
 0
 1
 0
 1
 0
 1
 2
 1
 0
 1
 1
 1
 2
 0
 0
 0
 0
 0
 0
 1
 0
 1
 0
 0
 1
 2
 4
 2
 0
 0
 0
 0
 1
 0
 0
 0
 0
 0
 1
 0
 0
 0
 1
 0
 2
 0
 0
 0
 0
 0
 0
 0
 0
 0
 2
 0
 1
 0
 1
 0
 0
 1
 2
 0
 1
 0
 1
 1
 1
 1
 0
 0
 0
 0
 1
 0
 0
 0
 1
 0
 2
 0
 0
 2
 0
 0
 0
 0
 2
 0
 1
 2
 0
 0
 0
 1
 0
 1
 1
 1
 0
 0
 0
 0
 0
 0
 0
 0
 3
 0
 0
 1
 0
 2
 0
 1
 1
 1
 1
 0
 2
 0
 1
 0
 2
 0
 1
 0
 0
 2
 0
 1
 1
 0
 0
 2
 0
 1
 0
 0
 1
 2
 2
 0
 1
 1
 0
 0
 0
 1
 1
 0
 0
 3
 0
 1
 0
 1
 4
 0
 0
 0
 0
 1
 1
 1
 1
 0
 0
 2
 1
 1
 0
 0
 0
 0
 0
 0
 2
 0
 1
 1
 0
 0
 0
 0
 0
 0
 0
 4
 1
 2
 1
 0
 1
 1
 1
 1
 1
 0
 2
 0
 2
 0
 0
 1
 0
 1
 0
 1
 1
 2
 1
 2
 0
 0
 2
 2
 0
 1
 1
 1
 0
 2
 1
 0
 2
 3
 3
 2
 2
 1
 1
 0
 0
 3
 2
 1
 6
 0
 2
 3
 2
 0
 1
 1
 0
 2
 1
 1
 0
 3
 1
 3
 2
 3
 1
 1
 3
 2
 2
 2
 0
 2
 3
 1
 1
 1
 2
 2
 4
 3
 3
 2
 2
 1
 1
 2
 0
 3
 1
 2
 3
 1
 0
 4
 3
 1
 1
 0
 0
 5
 0
 0
 2
 1
 3
 2
 1
 1
 2
 1
 3
 3
 2
 2
 3
 1
 1
 3
 3
 2
 0
 2
 4
 1
 3
 0
 0
 0
 2
 0
 1
 1
 0
 1
 0
 1
 1
 1
 2
 0
 0
 4
 0
 2
 2
 3
 3
 3
 1
 4
 3
 1
 1
 1
 0
 1
 0
 2
 1
 1
 1
 2
 2
 1
 0
 3
 0
 2
 1
 2
 0
 3
 3
 0
 1
 2
 0
 4
 3
 1
 3
 3
 1
 2
 2
 1
 1
 3
 2
 0
 2
 1
 1
 3
 0
 0
 0
 3
 1
 3
 0
 1
 2
 2
 0
 4
 1
 1
 3
 3
 1
 2
 1
 0
 4
 4
 0
 3
 3
 2
 2
 3
 3
 0
 2
 3
 4
 1
 2
 2
 0
 0
 3
 2
 0
 5
 2
 4
 2
 2
 1
 1
 2
 2
 3
 4
 3
 3
 3
 1
 4
 2
 2
 2
 3
 2
 1
 3
 2
 2
 2
 2
 5
 3
 1
 1
 3
 0
 5
 4
 4
 2
 2
 1
 3
 0
 7
 2
 2
 2
 1
 2
 1
 3
 3
 2
 2
 2
 1
 3
 5
 6
 4
 1
 1
 7
 1
 3
 4
 0
 3
 5
 1
 2
 4
 2
 3
 6
 2
 4
 3
 2
 3
 4
 0
 4
 3
 5
 2
 6
 4
 1
 1
 4
 3
 2
 5
 1
 2
 3
 5
 2
 5
 4
 3
 4
 6
 5
 4
 5
 4
 7
 2
 2
 1
 6
 5
 6
 9
 2
 2
 5
 4
 4
 3
 8
 6
 8
 4
 7
 4
 1
 9
 6
 6
 6
 3
 7
 5
 4
 14
 6
 4
 6
 12
 6
 5
 12
 9
 5
 6
 11
 7
 5
 7
 13
 6
 4
 9
 10
 6
 7
 4
 3
 3
 3
 7
 4
 9
 9
 2
 8
 7
 5
 9
 4
 7
 11
 4
 4
 5
 8
 5
 8
 7
 9
 10
 4
 7
 7
 10
 7
 7
 8
 5
 6
 10
 7
 6
 6
 10
 7
 6
 6
 8
 3
 4
 7
 9
 5
 6
 4
 9
 8
 9
 5
 5
 5
 8
 9
 6
 3
 5
 5
 6
 8
 7
 14
 4
 17
 11
 8
 5
 10
 12
 10
 7
 9
 15
 5
 12
 8
 12
 14
 13
 7
 9
 16
 9
 10
 6
 12
 11
 7
 15
 5
 6
 11
 12
 10
 5
 8
 4
 5
 10
 9
 6
 4
 7
 7
 10
 10
 6
 9
 9
 13
 3
 12
 10
 8
 11
 9
 7
 7
 6
 7
 7
 8
 9
 6
 4
 6
 6
 8
 7
 8
 8
 3
 8
 6
 6
 9
 8
 7
 7
 5
 8
 12
 7
 5
 13
 6
 10
 3
 7
 5
 8
 4
 6
 9
 5
 1
 6
 6
 5
 7
 1
 9
 10
 4
 6
 4
 5
 4
 11
 8
 8
 3
 5
 7
 5
 12
 7
 5
 4
 8
 1
 10
 3
 2
 13
 10
 10
 9
 4
 2
 3
 5
 14
 9
 10
 5
 9
 11
 10
 1
 11
 3
 8
 6
 10
 5
 3
 4
 9
 4
 7
 10
 2
 6
 2
 4
 3
 3
 4
 4
 6
 4
 4
 4
 9
 5
 7
 2
 2
 5
 2
 9
 5
 7
 5
 5
 2
 4
 6
 5
 7
 5
 6
 6
 11
 4
 4
 6
 3
 2
 9
 7
 4
 6
 4
 7
 2
 10
 5
 7
 8
 3
 5
 11
 2
 7
 3
 4
 1
 6
 7
 6
 5
 6
 5
 3
 9
 5
 6
 9
 5
 10
 4
 7
 8
 9
 5
 5
 3
 5
 5
 6
 6
 5
 6
 2
 8
 5
 6
 4
 3
 4
 4
 4
 8
 11
 3
 9
 5
 6
 4
 6
 6
 2
 6
 2
 3
 6
 5
 8
 3
 4
