VERSION:    3.1
ELEMENTS:              1
DATE:       Feb 06, 2015 16:55:28.**
CHANNELS:           2048
ROIS:        2
REAL_TIME:   136.9790344
LIVE_TIME:   622.6358032
CAL_OFFSET:  3.0065309e-02
CAL_SLOPE:   1.1918790e-01
CAL_QUAD:    0.0000000e+00
TWO_THETA:   10.0000000
ROI_0_LEFT:   157
ROI_0_RIGHT:   199
ROI_0_LABEL: 22.1 keV & 
ROI_1_LEFT:   715
ROI_1_RIGHT:   758
ROI_1_LABEL: 88 keV & 
DATA: 
 0
 8927
 5462
 2717
 1596
 921
 348
 98
 20
 2
 2
 2
 2
 2
 0
 1
 1
 2
 2
 3
 8
 4
 14
 7
 9
 5
 6
 8
 8
 13
 15
 22
 13
 20
 13
 19
 16
 9
 10
 14
 7
 4
 8
 5
 5
 4
 6
 8
 2
 3
 9
 2
 5
 12
 10
 6
 7
 10
 4
 5
 9
 6
 8
 10
 11
 7
 25
 27
 44
 78
 99
 107
 99
 78
 31
 20
 18
 12
 7
 3
 5
 8
 7
 4
 4
 5
 7
 5
 5
 4
 7
 4
 3
 7
 1
 9
 3
 5
 3
 6
 7
 6
 4
 4
 8
 8
 4
 0
 4
 4
 9
 6
 8
 4
 3
 6
 5
 8
 10
 3
 12
 5
 6
 9
 4
 4
 4
 2
 5
 6
 6
 4
 4
 3
 10
 10
 5
 10
 2
 2
 1
 4
 3
 5
 3
 5
 1
 4
 4
 9
 7
 5
 8
 2
 4
 1
 5
 5
 6
 5
 5
 4
 9
 5
 7
 10
 5
 6
 7
 3
 2
 10
 11
 7
 6
 7
 5
 10
 3
 9
 3
 6
 6
 4
 4
 3
 3
 4
 9
 5
 6
 4
 0
 5
 4
 3
 6
 3
 2
 3
 4
 4
 2
 0
 1
 3
 2
 1
 2
 2
 0
 0
 3
 2
 3
 0
 2
 1
 1
 0
 0
 4
 1
 2
 0
 1
 1
 3
 2
 2
 1
 1
 1
 4
 0
 0
 0
 1
 1
 2
 0
 1
 2
 0
 2
 1
 1
 0
 3
 2
 0
 2
 2
 0
 0
 0
 1
 0
 0
 1
 1
 3
 2
 2
 0
 0
 2
 0
 1
 1
 2
 0
 1
 1
 1
 2
 1
 1
 1
 4
 1
 0
 0
 1
 1
 1
 1
 0
 0
 0
 1
 2
 2
 0
 2
 1
 1
 2
 1
 1
 1
 1
 1
 2
 1
 3
 7
 1
 3
 1
 1
 1
 4
 1
 2
 0
 2
 2
 3
 1
 3
 2
 3
 3
 4
 5
 4
 3
 5
 4
 3
 3
 1
 1
 1
 5
 4
 4
 3
 4
 2
 4
 4
 4
 4
 8
 7
 5
 6
 6
 5
 2
 4
 4
 3
 3
 7
 4
 4
 7
 3
 3
 3
 8
 6
 6
 1
 4
 2
 12
 7
 6
 6
 3
 4
 6
 7
 6
 8
 6
 8
 8
 5
 7
 9
 8
 4
 8
 7
 4
 8
 6
 11
 9
 3
 9
 6
 7
 3
 15
 13
 10
 11
 11
 15
 14
 16
 25
 20
 18
 21
 16
 18
 17
 20
 24
 17
 22
 10
 21
 18
 21
 21
 24
 16
 22
 16
 13
 21
 17
 25
 26
 15
 21
 15
 20
 19
 23
 15
 20
 20
 15
 14
 20
 12
 24
 15
 18
 19
 12
 14
 12
 21
 19
 14
 15
 14
 12
 19
 17
 21
 17
 18
 10
 8
 8
 16
 13
 10
 13
 12
 8
 8
 16
 10
 14
 15
 18
 15
 15
 17
 8
 12
 12
 5
 17
 11
 11
 9
 9
 9
 9
 9
 5
 11
 5
 8
 7
 9
 10
 8
 5
 6
 8
 12
 9
 8
 4
 6
 8
 12
 8
 9
 7
 6
 8
 3
 11
 3
 11
 6
 6
 6
 6
 8
 6
 7
 11
 12
 6
 2
 4
 11
 4
 4
 8
 5
 4
 8
 9
 9
 3
 3
 2
 7
 4
 2
 5
 3
 4
 8
 8
 6
 6
 5
 2
 2
 2
 2
 3
 3
 5
 5
 6
 4
 3
 3
 3
 3
 2
 2
 4
 4
 5
 2
 4
 4
 3
 3
 2
 2
 3
 1
 3
 8
 2
 3
 3
 8
 2
 7
 8
 12
 58
 103
 209
 442
 727
 873
 882
 664
 485
 278
 147
 66
 27
 13
 3
 3
 0
 0
 0
 0
 0
 2
 0
 0
 1
 0
 0
 0
 1
 1
 3
 0
 1
 2
 0
 0
 0
 1
 0
 0
 1
 0
 0
 0
 0
 0
 0
 0
 0
 1
 0
 1
 0
 0
 0
 0
 0
 0
 0
 0
 1
 0
 0
 2
 0
 1
 0
 0
 0
 2
 4
 4
 14
 37
 46
 89
 98
 105
 60
 52
 25
 10
 6
 1
 1
 0
 0
 0
 0
 0
 1
 0
 0
 0
 0
 0
 0
 0
 0
 0
 0
 0
 0
 0
 0
 0
 0
 0
 0
 0
 0
 0
 0
 0
 0
 0
 0
 1
 0
 0
 0
 0
 0
 0
 0
 0
 0
 0
 0
 0
 0
 0
 0
 0
 0
 0
 0
 0
 0
 0
 0
 0
 0
 0
 0
 0
 1
 0
 0
 0
 0
 0
 0
 0
 0
 0
 0
 0
 0
 0
 0
 0
 0
 0
 0
 0
 0
 0
 0
 0
 0
 1
 0
 1
 0
 0
 0
 0
 0
 0
 0
 0
 0
 0
 0
 0
 0
 1
 0
 0
 0
 0
 0
 0
 0
 0
 0
 0
 0
 0
 0
 0
 0
 0
 0
 0
 1
 0
 0
 0
 0
 0
 0
 0
 0
 0
 0
 0
 0
 0
 0
 0
 0
 0
 0
 1
 0
 0
 0
 0
 0
 0
 0
 0
 0
 0
 0
 0
 0
 0
 0
 0
 0
 0
 1
 0
 0
 0
 0
 0
 0
 0
 0
 0
 0
 0
 0
 1
 0
 0
 0
 0
 0
 0
 0
 0
 0
 0
 0
 0
 0
 0
 0
 0
 0
 0
 0
 0
 0
 0
 0
 0
 0
 0
 0
 0
 0
 0
 0
 0
 0
 0
 0
 0
 0
 1
 0
 0
 0
 0
 0
 0
 0
 0
 1
 0
 0
 0
 0
 0
 0
 0
 0
 0
 0
 0
 0
 1
 0
 0
 0
 0
 0
 0
 0
 0
 0
 0
 0
 0
 0
 0
 0
 0
 0
 0
 0
 0
 0
 1
 0
 1
 0
 0
 0
 0
 0
 0
 0
 0
 0
 0
 0
 0
 0
 0
 1
 0
 0
 0
 0
 0
 0
 0
 0
 0
 0
 1
 0
 0
 0
 0
 0
 0
 1
 1
 0
 0
 1
 0
 0
 0
 0
 0
 0
 0
 0
 0
 0
 0
 0
 0
 0
 1
 0
 1
 0
 0
 0
 0
 0
 0
 0
 0
 0
 0
 0
 0
 0
 0
 0
 0
 0
 0
 0
 0
 0
 0
 0
 0
 0
 0
 0
 0
 0
 0
 0
 1
 0
 0
 0
 0
 0
 0
 0
 1
 0
 0
 0
 0
 0
 0
 0
 0
 0
 0
 0
 0
 0
 0
 0
 0
 0
 0
 0
 0
 0
 0
 0
 0
 0
 0
 0
 0
 0
 0
 0
 0
 0
 0
 0
 0
 0
 0
 0
 0
 0
 0
 0
 0
 0
 0
 0
 0
 0
 0
 1
 2
 0
 0
 0
 0
 0
 0
 0
 0
 0
 0
 0
 0
 0
 0
 0
 1
 0
 0
 1
 0
 0
 0
 0
 0
 0
 0
 0
 0
 0
 0
 0
 0
 0
 0
 0
 0
 0
 0
 0
 0
 0
 0
 0
 0
 0
 0
 0
 0
 0
 0
 0
 0
 0
 0
 0
 0
 0
 0
 0
 0
 0
 0
 0
 0
 0
 0
 0
 0
 0
 0
 0
 0
 0
 0
 0
 0
 0
 0
 0
 0
 0
 0
 0
 0
 0
 0
 0
 0
 0
 0
 0
 0
 0
 0
 0
 0
 0
 0
 0
 0
 0
 0
 0
 0
 0
 0
 0
 0
 0
 0
 0
 0
 0
 0
 0
 0
 0
 0
 0
 0
 0
 0
 0
 0
 0
 0
 0
 0
 0
 0
 0
 0
 0
 0
 0
 0
 0
 0
 0
 0
 0
 0
 0
 0
 1
 0
 0
 0
 0
 0
 0
 1
 0
 0
 0
 0
 0
 0
 0
 0
 0
 0
 0
 0
 0
 0
 1
 0
 0
 0
 0
 0
 0
 0
 0
 0
 0
 0
 0
 1
 0
 0
 0
 0
 0
 0
 0
 0
 0
 0
 0
 0
 0
 1
 0
 0
 0
 0
 0
 0
 0
 0
 0
 0
 0
 0
 0
 0
 0
 0
 0
 0
 0
 0
 0
 0
 0
 0
 0
 0
 0
 0
 0
 0
 0
 0
 0
 0
 0
 0
 0
 0
 0
 0
 1
 0
 0
 0
 0
 0
 0
 0
 0
 0
 0
 0
 0
 0
 0
 0
 0
 0
 0
 0
 0
 0
 0
 0
 0
 0
 0
 0
 0
 0
 0
 0
 0
 0
 0
 0
 0
 0
 0
 0
 0
 0
 0
 0
 0
 0
 0
 0
 0
 0
 0
 0
 0
 0
 0
 0
 0
 1
 0
 0
 0
 0
 0
 0
 0
 0
 0
 0
 0
 0
 1
 0
 0
 0
 0
 0
 0
 0
 0
 0
 0
 0
 0
 0
 0
 0
 0
 0
 0
 0
 0
 0
 0
 0
 0
 0
 0
 0
 0
 0
 0
 0
 0
 0
 0
 0
 0
 0
 0
 0
 0
 0
 0
 0
 0
 0
 0
 0
 0
 0
 0
 0
 0
 0
 0
 0
 0
 0
 0
 0
 0
 0
 0
 0
 0
 0
 0
 0
 0
 0
 0
 0
 0
 0
 0
 0
 0
 0
 0
 0
 0
 0
 0
 0
 0
 0
 0
 0
 0
 0
 0
 0
 0
 0
 0
 0
 0
 0
 0
 0
 0
 0
 0
 0
 0
 0
 0
 0
 0
 0
 0
 0
 0
 0
 0
 0
 0
 0
 0
 0
 0
 0
 0
 0
 0
 0
 0
 0
 0
 0
 0
 0
 0
 0
 0
 0
 0
 0
 0
 0
 0
 0
 0
 0
 0
 0
 0
 0
 0
 0
 0
 0
 0
 0
 0
 0
 0
 0
 0
 0
 0
 0
 0
 0
 0
 0
 0
 0
 0
 0
 0
 0
 0
 0
 0
 0
 0
 0
 0
 0
 0
 0
 0
 0
 0
 0
 0
 0
 0
 0
 0
 0
 0
 0
 0
 0
 0
 0
 0
 0
 0
 0
 0
 0
 0
 0
 0
 0
 0
 0
 0
 0
 0
 0
 0
 0
 0
 0
 0
 0
 0
 0
 0
 0
 0
 0
 0
 0
 0
 0
 0
 0
 0
 0
 0
 0
 0
 0
 0
 0
 0
 0
 0
 0
 0
 0
 1
 0
 0
 0
 0
 0
 0
 0
 0
 0
 0
 0
 0
 0
 0
 0
 0
 0
 0
 0
 0
 0
 0
 0
 0
 0
 0
 0
 0
 0
 0
 0
 0
 0
 0
 0
 0
 0
 0
 0
 0
 0
 0
 0
 0
 0
 0
 0
 0
 0
 0
 0
 0
 0
 0
 0
 0
 0
 0
 0
 0
 0
 0
 0
 0
 0
 0
 0
 1
 0
 0
 0
 0
 0
 0
 0
 0
 0
 0
 0
 0
 0
 0
 0
 0
 0
 0
 0
 0
 0
 0
 0
 0
 0
 0
 0
 0
 0
 0
 0
 0
 0
 0
 0
 0
 0
 0
 0
 0
 0
 0
 0
 0
 0
 0
 0
 0
 0
 0
 0
 0
 0
 0
 0
 0
 0
 0
 0
 0
 0
 0
 0
 0
 0
 0
 1
 0
 0
 0
 0
 0
 0
 0
 0
 0
 0
 0
 0
 0
 0
 0
 0
 0
 0
 0
 0
 0
 0
 0
 0
 0
 0
 0
 0
 0
 0
 0
 0
 0
 0
 0
 0
 0
 0
 0
 0
 0
 0
 0
 0
 0
 0
 0
 0
 0
 0
 0
 0
 0
 0
 0
 0
 0
 0
 0
 0
 0
 0
 0
 0
 0
 0
 0
 0
 0
 0
 0
 0
 0
 0
 0
 0
 0
 0
 0
 0
 0
 0
 0
 0
 0
 0
 0
 0
 0
 0
 0
 0
 0
 0
 0
 0
 0
 0
 0
 0
 0
 0
 0
 0
 1
 0
 0
 0
 0
 0
 0
 0
 0
 0
 0
 0
 0
 0
 0
 0
 0
 0
 0
 0
 0
 0
 0
 0
 0
 0
 0
 0
 0
 0
 1
 0
 0
 0
 0
 0
 0
 0
 0
 0
 0
 0
 0
 0
 0
 0
 0
 0
 0
 0
 0
 0
 0
 0
 0
 0
 0
 0
 0
 0
 0
 0
 0
 0
 0
 0
 0
 0
 0
 0
 0
 0
 0
 0
 0
 0
 0
 0
 0
 0
 0
 0
 0
 0
 0
 0
 0
 0
 0
 0
 0
 0
 0
 0
 0
 0
 0
 1
 0
 0
 0
 0
 0
 0
 0
 0
 0
 0
 0
 0
 0
 0
 0
 0
 0
 0
 0
 0
 0
 0
 0
 0
 0
 0
 0
 0
 0
 0
 0
 0
 0
 0
 0
 0
 0
 0
 0
 0
 0
 0
 0
 0
 0
 0
 0
 0
 0
 0
 0
 0
 0
 0
 0
 0
 0
 0
 0
 0
 0
 0
 0
 0
 0
 0
 0
 0
 0
 0
 0
 0
 0
 0
 0
 0
 0
 0
 0
