VERSION:    3.1
ELEMENTS:              1
DATE:       Feb 06, 2015 18:34:13.**
CHANNELS:           2048
ROIS:        0
REAL_TIME:   180.0004883
LIVE_TIME:   173.6207733
CAL_OFFSET:  -7.2238334e-02
CAL_SLOPE:   9.2194537e-03
CAL_QUAD:    0.0000000e+00
TWO_THETA:   10.0000000
DATA: 
 0
 0
 0
 0
 0
 0
 0
 0
 0
 0
 0
 0
 0
 0
 0
 0
 0
 0
 0
 0
 0
 0
 0
 0
 0
 0
 0
 0
 0
 0
 0
 0
 0
 0
 0
 0
 0
 0
 0
 0
 0
 0
 0
 0
 0
 0
 0
 0
 0
 0
 0
 0
 0
 0
 0
 0
 0
 0
 0
 0
 0
 0
 0
 0
 0
 0
 0
 0
 0
 0
 0
 0
 0
 0
 0
 0
 0
 0
 0
 0
 0
 0
 0
 0
 0
 0
 0
 0
 0
 0
 0
 0
 0
 0
 0
 0
 0
 0
 0
 0
 0
 0
 0
 0
 0
 0
 0
 0
 0
 0
 0
 0
 0
 0
 0
 0
 0
 0
 0
 0
 0
 0
 0
 0
 0
 0
 0
 0
 0
 0
 0
 0
 0
 0
 0
 1
 0
 0
 0
 0
 1
 0
 1
 0
 0
 0
 0
 0
 0
 0
 0
 0
 0
 0
 0
 0
 0
 0
 0
 1
 0
 0
 0
 0
 0
 1
 1
 1
 1
 1
 0
 1
 0
 1
 3
 1
 0
 2
 1
 2
 1
 0
 1
 1
 0
 2
 6
 3
 3
 2
 4
 4
 4
 4
 2
 6
 5
 4
 8
 5
 6
 14
 11
 16
 11
 21
 21
 26
 30
 26
 38
 32
 35
 32
 33
 28
 51
 50
 54
 68
 67
 65
 81
 97
 104
 113
 129
 136
 129
 133
 153
 169
 173
 168
 203
 222
 240
 230
 235
 263
 279
 283
 271
 306
 312
 379
 390
 413
 369
 439
 433
 493
 477
 498
 550
 576
 601
 634
 646
 660
 678
 645
 655
 637
 674
 626
 679
 622
 589
 618
 556
 522
 552
 482
 457
 405
 388
 334
 307
 322
 274
 231
 201
 191
 157
 157
 122
 127
 98
 101
 88
 77
 63
 74
 49
 59
 63
 51
 69
 52
 59
 68
 82
 58
 65
 70
 62
 77
 72
 87
 94
 90
 107
 100
 107
 110
 98
 128
 116
 137
 131
 118
 119
 141
 129
 139
 122
 165
 134
 142
 135
 122
 137
 129
 127
 119
 112
 121
 103
 97
 82
 82
 77
 87
 61
 53
 57
 68
 48
 58
 50
 46
 46
 43
 28
 50
 31
 34
 30
 27
 28
 40
 27
 27
 34
 31
 26
 25
 25
 22
 31
 27
 35
 34
 41
 31
 37
 33
 32
 40
 33
 38
 36
 44
 41
 50
 55
 52
 31
 40
 41
 50
 42
 39
 49
 52
 44
 51
 73
 60
 60
 62
 58
 68
 86
 74
 68
 95
 90
 110
 105
 108
 118
 120
 106
 124
 146
 178
 171
 188
 191
 208
 202
 238
 227
 241
 275
 290
 339
 340
 358
 399
 422
 444
 501
 492
 526
 587
 661
 659
 664
 789
 814
 891
 886
 1062
 1123
 1208
 1305
 1459
 1607
 1862
 2111
 2278
 2562
 2785
 3180
 3584
 3836
 4305
 4586
 5207
 5499
 5989
 6569
 7047
 7291
 7741
 8256
 8666
 8920
 9049
 9540
 9595
 9572
 9732
 9665
 9579
 9426
 9221
 9048
 8684
 8302
 7943
 7517
 7007
 6664
 6067
 5622
 5161
 4717
 4251
 3859
 3374
 2945
 2590
 2231
 2069
 1744
 1493
 1277
 1081
 933
 769
 705
 598
 545
 483
 434
 445
 433
 404
 474
 499
 515
 574
 594
 689
 724
 887
 890
 1005
 1053
 1168
 1211
 1306
 1503
 1565
 1666
 1745
 1748
 1978
 1901
 2030
 2089
 2077
 2105
 2129
 2175
 2052
 1945
 2024
 1999
 1985
 1830
 1785
 1654
 1632
 1448
 1411
 1275
 1164
 1156
 934
 907
 858
 681
 629
 559
 472
 410
 393
 316
 263
 257
 190
 168
 153
 112
 108
 67
 62
 50
 43
 25
 25
 28
 16
 18
 10
 10
 7
 8
 4
 3
 5
 8
 4
 2
 4
 4
 4
 4
 3
 0
 0
 1
 1
 3
 3
 4
 2
 3
 2
 2
 3
 2
 0
 1
 1
 2
 5
 5
 4
 0
 1
 0
 1
 1
 2
 3
 2
 1
 1
 0
 4
 1
 3
 2
 1
 3
 0
 2
 1
 2
 2
 1
 0
 3
 2
 1
 4
 0
 0
 1
 2
 0
 3
 1
 2
 2
 2
 1
 0
 0
 0
 2
 2
 2
 4
 1
 2
 4
 2
 2
 2
 0
 1
 1
 3
 3
 2
 2
 2
 1
 1
 2
 1
 2
 3
 2
 5
 2
 2
 4
 1
 0
 2
 1
 6
 2
 1
 6
 3
 0
 4
 1
 3
 1
 3
 3
 4
 4
 3
 1
 0
 3
 3
 4
 3
 4
 6
 3
 5
 2
 5
 1
 3
 4
 2
 1
 3
 3
 5
 4
 2
 4
 3
 3
 4
 4
 2
 2
 4
 0
 5
 5
 2
 4
 2
 2
 2
 5
 4
 3
 6
 0
 6
 1
 2
 1
 0
 3
 1
 1
 0
 2
 3
 1
 2
 1
 2
 2
 2
 3
 1
 1
 1
 1
 0
 0
 1
 4
 1
 4
 0
 2
 0
 0
 0
 1
 1
 1
 1
 1
 2
 2
 2
 4
 3
 0
 2
 3
 1
 1
 1
 2
 3
 1
 1
 0
 0
 0
 0
 0
 4
 1
 3
 1
 0
 0
 3
 3
 0
 0
 4
 2
 0
 1
 2
 0
 0
 1
 2
 0
 1
 2
 0
 0
 1
 1
 2
 1
 3
 2
 1
 0
 1
 2
 1
 1
 0
 2
 0
 1
 1
 0
 0
 0
 0
 1
 2
 1
 1
 1
 1
 2
 0
 3
 0
 2
 0
 1
 1
 3
 0
 0
 1
 3
 0
 1
 1
 1
 1
 1
 0
 0
 1
 1
 3
 1
 2
 3
 1
 1
 1
 2
 3
 2
 1
 1
 6
 5
 5
 2
 0
 5
 2
 6
 6
 1
 2
 2
 3
 1
 2
 3
 5
 7
 2
 6
 2
 3
 2
 5
 10
 11
 9
 8
 11
 9
 8
 5
 11
 7
 5
 10
 2
 10
 8
 9
 11
 6
 11
 7
 11
 11
 14
 14
 17
 16
 8
 12
 15
 13
 11
 14
 18
 19
 11
 14
 13
 12
 8
 6
 7
 16
 10
 7
 9
 5
 12
 4
 11
 9
 8
 4
 2
 3
 6
 9
 5
 0
 1
 4
 4
 4
 6
 3
 0
 0
 3
 5
 6
 6
 4
 3
 5
 2
 4
 2
 7
 5
 5
 2
 3
 4
 6
 4
 5
 3
 7
 5
 1
 9
 7
 8
 6
 8
 8
 3
 1
 5
 4
 7
 4
 1
 3
 2
 4
 8
 4
 5
 7
 6
 2
 2
 2
 1
 3
 2
 1
 1
 1
 0
 2
 0
 2
 1
 3
 1
 3
 0
 0
 0
 1
 1
 1
 1
 0
 0
 0
 1
 2
 0
 4
 3
 0
 1
 2
 0
 1
 1
 2
 0
 0
 0
 0
 4
 1
 1
 0
 2
 1
 2
 1
 3
 1
 4
 2
 1
 0
 0
 0
 3
 1
 2
 1
 1
 2
 1
 3
 1
 1
 1
 0
 1
 1
 0
 0
 0
 0
 0
 1
 1
 0
 0
 0
 0
 0
 2
 1
 1
 1
 1
 1
 0
 1
 1
 2
 0
 1
 0
 0
 1
 2
 2
 0
 2
 1
 1
 1
 1
 2
 1
 0
 1
 1
 1
 1
 2
 2
 2
 3
 2
 1
 4
 1
 2
 2
 0
 2
 2
 0
 1
 0
 1
 0
 1
 1
 3
 2
 0
 1
 0
 0
 1
 4
 3
 1
 6
 1
 0
 2
 1
 3
 2
 3
 1
 0
 4
 3
 2
 2
 2
 0
 1
 4
 2
 1
 1
 2
 3
 2
 2
 5
 1
 2
 2
 1
 1
 5
 1
 0
 1
 0
 2
 0
 1
 2
 1
 3
 2
 2
 2
 5
 2
 1
 2
 1
 3
 4
 2
 2
 3
 3
 1
 3
 4
 3
 4
 2
 4
 1
 1
 1
 2
 4
 3
 1
 0
 3
 1
 3
 2
 3
 2
 2
 4
 2
 5
 3
 1
 1
 3
 3
 1
 3
 3
 3
 1
 4
 3
 2
 4
 0
 3
 5
 4
 5
 4
 1
 3
 0
 1
 3
 1
 2
 1
 2
 5
 2
 3
 1
 0
 2
 3
 0
 3
 5
 5
 3
 0
 3
 2
 1
 5
 3
 1
 4
 0
 0
 3
 2
 1
 1
 2
 1
 2
 4
 3
 3
 2
 5
 2
 3
 0
 3
 3
 4
 3
 5
 3
 4
 2
 2
 2
 1
 1
 3
 2
 2
 0
 4
 4
 0
 2
 0
 4
 3
 3
 7
 2
 2
 2
 2
 2
 3
 5
 4
 1
 4
 7
 5
 4
 8
 3
 2
 6
 2
 3
 2
 2
 6
 1
 1
 3
 8
 5
 1
 1
 7
 2
 3
 2
 4
 5
 7
 7
 2
 3
 3
 2
 2
 4
 4
 1
 8
 7
 4
 5
 6
 5
 8
 9
 7
 8
 7
 4
 6
 8
 6
 8
 8
 10
 7
 10
 9
 9
 6
 3
 6
 8
 7
 5
 8
 11
 11
 6
 9
 7
 10
 10
 11
 7
 11
 9
 7
 13
 13
 3
 6
 5
 8
 9
 8
 7
 17
 12
 6
 11
 17
 9
 10
 10
 12
 11
 15
 14
 9
 6
 6
 15
 8
 13
 14
 10
 15
 7
 3
 8
 9
 10
 10
 10
 11
 11
 9
 13
 13
 11
 7
 14
 10
 9
 15
 10
 7
 8
 11
 10
 12
 9
 13
 11
 11
 14
 9
 13
 14
 8
 9
 11
 17
 13
 16
 19
 12
 11
 7
 12
 12
 5
 15
 14
 4
 7
 11
 16
 10
 10
 10
 5
 17
 13
 5
 11
 9
 14
 10
 14
 10
 6
 8
 11
 13
 6
 8
 8
 7
 11
 12
 11
 11
 7
 13
 9
 10
 16
 11
 13
 9
 14
 10
 8
 5
 14
 10
 8
 12
 15
 11
 7
 10
 13
 9
 11
 8
 10
 9
 10
 12
 9
 4
 10
 8
 14
 6
 8
 14
 8
 12
 6
 11
 8
 5
 6
 13
 8
 10
 8
 8
 6
 10
 15
 14
 15
 6
 8
 5
 9
 12
 4
 6
 13
 7
 7
 6
 8
 7
 10
 6
 14
 4
 4
 5
 4
 5
 5
 8
 12
 4
 3
 8
 6
 6
 5
 9
 5
 15
 7
 4
 5
 7
 8
 8
 4
 12
 5
 7
 10
 4
 8
 6
 7
 8
 6
 7
 7
 8
 6
 12
 4
 12
 8
 4
 5
 8
 9
 9
 6
 7
 9
 12
 12
 7
 8
 11
 4
 6
 8
 11
 9
 3
 8
 4
 8
 5
 5
 7
 5
 5
 6
 5
 7
 1
 8
 9
 9
 7
 10
 6
 8
 6
 2
 4
 3
 5
 6
 4
 4
 10
 5
 8
 8
 1
 10
 6
 9
 5
 10
 3
 4
 6
 9
 2
 3
 1
 9
 6
 3
 7
 7
 3
 6
 6
 6
 2
 4
 5
 5
 7
 7
 7
 6
 3
 6
 4
 3
 3
 3
 8
 4
 3
 0
 4
 9
 6
 6
 6
 5
 2
 6
 8
 3
 2
 2
 8
 2
 2
 3
 7
 3
 2
 4
 1
 6
 2
 4
 7
 2
 3
 4
 3
 5
 3
 4
 6
 3
 3
 4
 5
 4
 2
 6
 5
 4
 6
 5
 5
 2
 3
 6
 3
 5
 2
 5
 6
 2
 3
 5
 5
 8
 4
 4
 1
 2
 0
 2
 6
 1
 2
 5
 4
 5
 8
 2
 4
 3
 1
 0
 3
 5
 3
 4
 9
 3
 0
 3
 5
 5
 4
 1
 7
 5
 3
 8
 2
 2
 4
 6
 5
 2
 4
 3
 2
 1
 3
 2
 5
 3
 2
 1
 3
 3
 2
 1
 3
 6
 3
 6
 2
 2
 3
 5
 3
 6
 1
 5
 5
 7
 15
 13
 14
 12
 12
 24
 19
 41
 25
 55
 50
 75
 72
 97
 112
 128
 132
 184
 177
 169
 227
 219
 240
 258
 288
 291
 331
 351
 345
 414
 396
 394
 430
 412
 399
 448
 366
 409
 363
 378
 362
 376
 357
 337
 331
 261
 263
 274
 217
 190
 182
 138
 136
 125
 104
 89
 77
 50
 53
 37
 35
 33
 24
 22
 11
 22
 9
 4
 5
 4
 1
 2
 2
 1
 1
 1
 1
 2
 1
 3
 1
 0
 0
 0
 1
 0
 0
 1
 0
 0
 0
 0
 1
 0
 0
 1
 0
 0
 0
 0
 0
 0
 1
 2
 1
 0
 0
 0
 0
 1
 0
 0
 0
 1
 0
 0
 1
 0
 1
 0
 0
 1
 0
 1
 0
 1
 0
 0
 0
 1
 0
 0
 0
 0
 0
 0
 0
 0
 0
 0
 0
 0
 1
 0
 0
 0
 0
 0
 0
 0
 0
 0
 0
 0
 0
 0
 1
 0
 0
 0
 0
 0
 1
 0
 1
 0
 0
 0
 0
 0
 0
 0
 0
 0
 0
 0
 0
 0
 0
 0
 0
 0
 0
 0
 1
 0
 0
