VERSION:    3.1
ELEMENTS:              1
DATE:       Feb 06, 2015 18:49:40.**
CHANNELS:           2048
ROIS:        0
REAL_TIME:   180.0000153
LIVE_TIME:   175.6970367
CAL_OFFSET:  -7.2238334e-02
CAL_SLOPE:   9.2194537e-03
CAL_QUAD:    0.0000000e+00
TWO_THETA:   10.0000000
DATA: 
 0
 0
 0
 0
 0
 0
 0
 0
 0
 0
 0
 0
 0
 0
 0
 0
 0
 0
 0
 0
 0
 0
 0
 0
 0
 0
 0
 0
 0
 0
 0
 0
 0
 0
 0
 0
 0
 0
 0
 0
 0
 0
 0
 0
 0
 0
 0
 0
 0
 0
 0
 0
 0
 0
 0
 0
 0
 0
 0
 0
 0
 0
 0
 0
 0
 0
 0
 0
 0
 0
 0
 0
 0
 0
 0
 0
 0
 0
 0
 0
 0
 0
 0
 0
 0
 0
 0
 0
 0
 0
 0
 0
 0
 0
 0
 0
 0
 0
 0
 0
 0
 0
 0
 0
 0
 0
 0
 0
 0
 0
 0
 0
 0
 0
 0
 0
 0
 0
 0
 0
 0
 0
 0
 0
 0
 0
 0
 0
 0
 0
 0
 0
 0
 0
 0
 0
 0
 0
 0
 0
 0
 0
 0
 0
 0
 0
 0
 0
 0
 0
 0
 0
 0
 0
 0
 0
 0
 0
 0
 0
 0
 0
 0
 0
 0
 0
 0
 0
 0
 0
 0
 0
 0
 0
 0
 0
 0
 0
 0
 0
 1
 0
 1
 0
 1
 2
 3
 1
 2
 3
 0
 2
 3
 4
 6
 0
 3
 8
 6
 12
 18
 25
 24
 23
 38
 51
 67
 65
 89
 108
 126
 157
 175
 222
 284
 343
 389
 475
 534
 621
 731
 842
 1024
 1220
 1535
 1874
 2269
 2817
 3633
 4297
 5551
 6587
 7926
 9074
 10211
 11491
 12588
 13203
 13505
 13570
 13494
 13043
 12027
 10840
 9854
 8244
 6996
 5807
 4741
 3554
 2749
 2101
 1578
 1176
 900
 726
 776
 694
 807
 911
 1017
 1384
 1487
 1828
 2015
 2321
 2525
 2757
 2839
 3003
 3079
 3038
 2842
 2671
 2539
 2227
 1924
 1593
 1324
 1091
 904
 624
 506
 386
 275
 215
 121
 88
 59
 47
 30
 14
 17
 13
 16
 4
 5
 6
 5
 10
 11
 6
 9
 9
 9
 4
 3
 5
 3
 7
 4
 3
 5
 6
 4
 5
 6
 6
 8
 6
 6
 5
 8
 2
 6
 3
 1
 6
 3
 4
 5
 5
 3
 4
 3
 2
 7
 3
 4
 3
 2
 3
 6
 5
 5
 4
 2
 2
 4
 5
 3
 8
 3
 2
 4
 2
 7
 8
 5
 6
 7
 6
 2
 3
 3
 4
 5
 4
 6
 3
 4
 2
 5
 4
 4
 6
 11
 4
 5
 1
 2
 2
 0
 5
 1
 2
 2
 3
 1
 1
 4
 1
 1
 4
 2
 2
 1
 1
 5
 0
 1
 3
 1
 3
 1
 1
 1
 5
 6
 1
 0
 2
 4
 2
 1
 3
 1
 2
 2
 2
 0
 7
 2
 2
 2
 5
 1
 2
 3
 2
 4
 2
 3
 1
 2
 1
 5
 7
 5
 3
 2
 3
 4
 4
 6
 6
 5
 7
 6
 4
 7
 5
 5
 7
 11
 8
 7
 5
 12
 6
 9
 10
 6
 5
 8
 14
 12
 19
 13
 11
 19
 21
 15
 21
 21
 14
 19
 15
 13
 8
 13
 12
 8
 9
 7
 6
 6
 10
 7
 8
 4
 6
 7
 6
 6
 9
 10
 6
 4
 8
 12
 9
 5
 8
 7
 5
 5
 8
 2
 5
 12
 10
 2
 5
 8
 8
 6
 1
 3
 3
 2
 2
 2
 4
 1
 1
 2
 0
 5
 1
 2
 4
 2
 1
 2
 2
 1
 1
 0
 2
 2
 2
 2
 2
 0
 0
 2
 3
 0
 3
 0
 1
 2
 2
 2
 1
 4
 2
 2
 1
 2
 3
 2
 5
 2
 3
 1
 1
 2
 2
 2
 0
 3
 2
 4
 2
 3
 1
 3
 5
 2
 3
 2
 1
 3
 2
 2
 3
 4
 4
 4
 3
 2
 3
 3
 2
 3
 5
 6
 3
 1
 4
 7
 3
 6
 1
 1
 4
 1
 4
 4
 5
 3
 4
 2
 3
 2
 2
 4
 0
 2
 5
 5
 1
 3
 6
 5
 3
 0
 4
 1
 5
 6
 6
 4
 5
 3
 7
 4
 2
 4
 6
 3
 7
 1
 6
 5
 3
 3
 2
 6
 2
 5
 5
 3
 4
 7
 4
 4
 4
 1
 1
 2
 8
 7
 3
 7
 4
 1
 3
 8
 7
 4
 8
 6
 2
 8
 5
 10
 6
 5
 3
 8
 5
 2
 12
 4
 12
 6
 6
 5
 2
 9
 7
 9
 8
 8
 6
 7
 8
 11
 8
 9
 7
 13
 10
 12
 9
 15
 17
 9
 19
 13
 16
 22
 24
 20
 17
 13
 17
 18
 11
 25
 18
 16
 19
 21
 17
 13
 12
 22
 19
 14
 17
 21
 14
 16
 16
 14
 16
 8
 14
 8
 8
 14
 23
 23
 12
 16
 14
 12
 18
 14
 21
 13
 14
 18
 12
 10
 15
 7
 12
 17
 16
 11
 7
 12
 13
 14
 5
 20
 12
 13
 15
 10
 15
 12
 13
 16
 15
 15
 14
 27
 8
 13
 12
 14
 13
 9
 19
 17
 20
 20
 16
 23
 11
 20
 12
 9
 20
 12
 12
 16
 19
 11
 14
 6
 15
 17
 19
 12
 11
 9
 7
 14
 7
 9
 7
 17
 13
 15
 13
 9
 8
 10
 14
 14
 17
 12
 7
 13
 13
 11
 15
 17
 10
 8
 9
 7
 11
 10
 14
 9
 8
 12
 13
 8
 11
 12
 11
 10
 8
 7
 8
 6
 15
 4
 7
 7
 7
 13
 14
 11
 8
 6
 9
 5
 11
 7
 5
 8
 4
 6
 4
 7
 9
 5
 8
 5
 7
 11
 5
 6
 4
 10
 8
 7
 4
 13
 6
 15
 8
 3
 7
 6
 3
 9
 8
 4
 2
 6
 6
 7
 5
 7
 4
 7
 4
 6
 7
 7
 6
 8
 7
 5
 8
 8
 6
 3
 7
 7
 7
 0
 7
 5
 5
 8
 8
 5
 8
 5
 10
 7
 11
 16
 20
 38
 47
 77
 89
 134
 174
 202
 243
 306
 376
 474
 497
 567
 580
 600
 591
 620
 584
 561
 463
 401
 402
 333
 279
 203
 149
 115
 81
 54
 51
 29
 13
 15
 6
 3
 1
 1
 1
 0
 1
 1
 2
 3
 0
 0
 1
 0
 0
 0
 0
 1
 1
 0
 0
 1
 0
 1
 1
 3
 1
 1
 2
 0
 1
 1
 0
 1
 0
 0
 0
 0
 1
 1
 1
 1
 0
 0
 1
 1
 0
 2
 1
 1
 0
 0
 0
 0
 0
 0
 0
 1
 0
 1
 0
 0
 0
 0
 2
 1
 0
 1
 0
 0
 0
 2
 1
 0
 1
 0
 0
 1
 0
 0
 0
 0
 1
 1
 0
 0
 1
 0
 2
 3
 2
 0
 1
 1
 1
 2
 0
 0
 1
 1
 0
 0
 0
 3
 0
 0
 0
 0
 0
 2
 1
 0
 2
 2
 1
 2
 0
 1
 1
 1
 0
 1
 1
 2
 3
 1
 3
 0
 0
 0
 0
 0
 0
 2
 0
 0
 1
 0
 0
 0
 0
 0
 0
 0
 0
 0
 0
 0
 1
 0
 0
 1
 1
 0
 0
 1
 1
 1
 1
 1
 1
 1
 0
 0
 0
 0
 0
 0
 0
 0
 1
 0
 0
 0
 0
 2
 1
 0
 0
 1
 0
 0
 1
 1
 1
 0
 0
 0
 0
 1
 0
 1
 0
 0
 2
 1
 0
 0
 0
 0
 0
 0
 1
 0
 0
 2
 1
 1
 2
 0
 4
 1
 0
 1
 2
 2
 4
 1
 1
 5
 3
 2
 0
 1
 1
 2
 4
 0
 1
 0
 1
 0
 0
 1
 0
 0
 0
 0
 0
 0
 0
 0
 1
 1
 1
 0
 1
 0
 0
 0
 0
 0
 2
 1
 0
 0
 0
 1
 0
 0
 0
 0
 1
 0
 0
 0
 0
 0
 0
 1
 0
 1
 1
 0
 0
 0
 0
 0
 0
 1
 1
 0
 0
 0
 0
 0
 0
 0
 1
 0
 1
 0
 0
 3
 0
 0
 0
 0
 0
 0
 0
 0
 0
 0
 1
 1
 0
 0
 0
 1
 0
 1
 0
 0
 0
 0
 1
 0
 0
 0
 0
 0
 0
 0
 0
 0
 1
 0
 0
 0
 0
 1
 1
 0
 1
 1
 2
 2
 0
 4
 6
 4
 3
 5
 3
 6
 4
 4
 11
 12
 3
 3
 4
 6
 3
 6
 4
 2
 0
 4
 2
 2
 0
 1
 0
 0
 0
 0
 0
 2
 0
 1
 0
 0
 0
 0
 0
 0
 0
 0
 0
 0
 0
 0
 0
 0
 0
 0
 0
 0
 0
 0
 0
 1
 0
 0
 0
 0
 0
 0
 0
 0
 0
 0
 1
 0
 0
 0
 0
 0
 0
 1
 0
 0
 0
 0
 0
 0
 0
 0
 0
 0
 0
 0
 0
 1
 0
 0
 0
 0
 0
 0
 0
 0
 0
 0
 0
 0
 0
 1
 0
 0
 0
 0
 1
 0
 0
 0
 0
 0
 0
 0
 0
 0
 0
 0
 0
 0
 0
 1
 0
 0
 0
 0
 0
 0
 0
 0
 0
 0
 0
 0
 0
 0
 0
 0
 0
 0
 0
 0
 0
 0
 1
 0
 0
 0
 0
 0
 0
 0
 0
 0
 0
 0
 0
 0
 0
 0
 0
 0
 0
 1
 0
 2
 3
 1
 1
 1
 1
 0
 0
 0
 0
 0
 1
 0
 0
 0
 0
 0
 1
 0
 0
 0
 0
 0
 0
 0
 0
 0
 0
 0
 0
 0
 0
 0
 0
 1
 0
 0
 0
 0
 0
 0
 0
 0
 0
 0
 0
 0
 0
 0
 0
 0
 0
 0
 0
 0
 0
 0
 0
 0
 0
 0
 0
 0
 0
 0
 0
 0
 0
 0
 0
 0
 0
 0
 0
 0
 0
 0
 0
 0
 0
 0
 0
 0
 0
 0
 0
 0
 0
 0
 0
 1
 0
 0
 1
 0
 0
 0
 0
 0
 0
 0
 0
 0
 0
 0
 0
 0
 0
 0
 0
 0
 0
 0
 0
 0
 0
 0
 0
 0
 0
 0
 0
 0
 0
 0
 0
 0
 0
 0
 0
 0
 0
 0
 0
 0
 0
 0
 0
 1
 0
 0
 0
 0
 0
 0
 0
 0
 0
 0
 0
 1
 0
 0
 0
 0
 0
 0
 0
 0
 0
 0
 0
 0
 0
 0
 0
 0
 0
 0
 0
 1
 0
 0
 0
 0
 0
 0
 0
 1
 0
 0
 0
 0
 0
 0
 0
 0
 0
 0
 0
 0
 0
 0
 0
 0
 0
 1
 0
 0
 0
 0
 0
 0
 0
 0
 0
 0
 0
 0
 0
 0
 0
 0
 0
 0
 0
 0
 0
 0
 0
 0
 0
 0
 0
 0
 0
 0
 1
 0
 0
 0
 0
 0
 0
 0
 0
 0
 1
 0
 1
 0
 0
 0
 0
 0
 0
 0
 0
 0
 0
 0
 0
 0
 0
 0
 0
 0
 0
 0
 0
 0
 0
 1
 0
 0
 0
 0
 0
 0
 0
 0
 0
 0
 0
 0
 0
 0
 0
 0
 0
 0
 0
 0
 0
 0
 0
 0
 0
 0
 0
 0
 0
 0
 0
 0
 0
 0
 0
 0
 0
 0
 0
 0
 0
 0
 0
 1
 0
 0
 0
 0
 0
 0
 0
 0
 0
 0
 0
 0
 0
 0
 0
 0
 0
 0
 0
 0
 0
 0
 0
 0
 0
 0
 0
 0
 0
 0
 0
 0
 0
 0
 0
 0
 0
 0
 0
 0
 0
 0
 0
 0
 0
 0
 0
 0
 0
 0
 0
 0
 0
 0
 0
 0
 0
 0
 0
 0
 0
 0
 0
 1
 0
 0
 0
 0
 0
 0
 1
 0
 0
 0
 0
 0
 0
 0
 0
 0
 0
 1
 0
 0
 1
 0
 0
 0
 0
 0
 0
 0
 0
 0
 0
 0
 0
 0
 1
 0
 0
 0
 0
 0
 0
 0
 0
 0
 0
 0
 0
 1
 0
 0
 0
 0
 0
 0
 0
 1
 0
 0
 0
 0
 0
 0
 0
 0
 0
 0
 0
 0
 0
 0
 0
 0
 0
 0
 0
 0
 0
 0
 0
 0
 0
 0
 0
 0
 0
 0
 0
 0
 0
 0
 0
 0
 0
 0
 0
 0
 0
 0
 0
 0
 0
 0
 0
 0
 0
 0
 0
 0
 0
 1
 0
 0
 0
 0
 0
 0
 0
 0
 0
 0
 0
 0
 0
 0
 0
 0
 0
 0
 0
 0
 0
 0
 0
 0
 0
 0
 0
 0
 0
 0
 0
 0
 0
 0
 0
 0
 0
 0
 0
 0
 0
 0
 0
 0
 0
 0
 0
 0
 0
 0
 0
 0
 0
 0
 0
 0
 0
 0
 0
 0
 0
 0
 0
 0
 0
 0
 0
 0
 0
 0
 0
 0
 0
 0
 0
 0
 0
 0
 0
 0
 0
 0
 0
 0
 0
 0
 0
 0
 0
 0
 0
 0
 0
 0
 0
