VERSION:    3.1
ELEMENTS:              1
DATE:       Feb 06, 2015 18:45:36.**
CHANNELS:           2048
ROIS:        0
REAL_TIME:   180.0004883
LIVE_TIME:   173.2848816
CAL_OFFSET:  -7.2238334e-02
CAL_SLOPE:   9.2194537e-03
CAL_QUAD:    0.0000000e+00
TWO_THETA:   10.0000000
DATA: 
 0
 0
 0
 0
 0
 0
 0
 0
 0
 0
 0
 0
 0
 0
 0
 0
 0
 0
 0
 0
 0
 0
 0
 0
 0
 0
 0
 0
 0
 0
 0
 0
 0
 0
 0
 0
 0
 0
 0
 0
 0
 0
 0
 0
 0
 0
 0
 0
 0
 0
 0
 0
 0
 0
 0
 0
 0
 0
 0
 0
 0
 0
 0
 0
 0
 0
 0
 0
 0
 0
 0
 0
 0
 0
 0
 0
 0
 0
 0
 0
 0
 0
 0
 0
 0
 0
 0
 0
 0
 0
 0
 0
 0
 0
 0
 0
 0
 0
 0
 0
 0
 0
 0
 0
 0
 0
 0
 0
 0
 0
 0
 0
 0
 0
 0
 0
 0
 0
 0
 0
 0
 0
 0
 0
 0
 0
 0
 0
 0
 0
 0
 0
 0
 0
 0
 0
 0
 0
 0
 0
 0
 0
 0
 0
 0
 0
 0
 0
 0
 0
 0
 0
 0
 0
 0
 0
 0
 0
 0
 0
 0
 0
 0
 0
 0
 0
 0
 0
 0
 0
 0
 0
 0
 0
 0
 0
 0
 0
 0
 0
 0
 0
 0
 0
 0
 0
 0
 1
 0
 0
 0
 0
 0
 0
 0
 0
 0
 1
 2
 0
 0
 0
 2
 2
 3
 1
 2
 2
 2
 1
 3
 2
 5
 1
 8
 8
 3
 4
 4
 4
 5
 4
 4
 5
 3
 4
 3
 3
 8
 2
 6
 6
 8
 8
 4
 2
 6
 8
 6
 5
 6
 9
 4
 3
 7
 2
 10
 1
 3
 9
 6
 3
 1
 2
 2
 5
 1
 3
 6
 11
 4
 6
 9
 4
 5
 6
 2
 10
 5
 2
 8
 4
 7
 8
 3
 8
 8
 8
 3
 6
 3
 8
 6
 4
 8
 4
 2
 8
 3
 3
 4
 7
 5
 7
 3
 2
 3
 5
 1
 5
 5
 7
 7
 1
 2
 4
 4
 2
 2
 7
 5
 6
 3
 4
 3
 1
 7
 4
 2
 8
 1
 3
 5
 1
 3
 5
 4
 1
 4
 5
 5
 1
 6
 5
 3
 8
 7
 2
 2
 4
 5
 3
 4
 2
 7
 3
 13
 1
 6
 5
 6
 7
 4
 6
 4
 1
 6
 2
 8
 9
 2
 8
 3
 6
 3
 8
 4
 5
 8
 4
 9
 5
 4
 3
 5
 5
 2
 5
 7
 2
 5
 5
 5
 7
 4
 9
 8
 4
 6
 7
 2
 5
 7
 4
 3
 4
 3
 9
 6
 2
 5
 3
 5
 6
 6
 12
 5
 1
 5
 5
 1
 9
 4
 9
 4
 3
 3
 4
 1
 2
 7
 4
 10
 7
 5
 7
 5
 3
 5
 1
 3
 3
 2
 3
 4
 1
 1
 2
 2
 2
 3
 0
 5
 1
 3
 1
 5
 2
 2
 1
 1
 4
 1
 2
 1
 5
 1
 3
 2
 3
 1
 4
 2
 1
 3
 5
 0
 1
 2
 3
 0
 1
 2
 0
 2
 3
 2
 1
 2
 0
 0
 2
 2
 0
 3
 0
 2
 3
 0
 1
 1
 1
 2
 4
 4
 4
 1
 1
 0
 0
 0
 1
 3
 2
 1
 1
 1
 0
 0
 0
 3
 1
 1
 1
 2
 1
 0
 1
 4
 1
 2
 1
 3
 2
 0
 0
 1
 1
 0
 0
 0
 0
 2
 0
 2
 1
 0
 0
 0
 2
 2
 1
 0
 1
 3
 0
 0
 2
 0
 1
 2
 2
 0
 1
 0
 0
 0
 0
 0
 0
 2
 0
 0
 1
 0
 0
 2
 1
 1
 1
 2
 1
 0
 0
 0
 1
 1
 0
 2
 2
 0
 1
 0
 0
 1
 1
 0
 0
 1
 1
 0
 1
 1
 0
 1
 2
 0
 0
 0
 0
 3
 0
 0
 0
 0
 1
 1
 1
 2
 0
 2
 1
 0
 1
 1
 1
 2
 1
 1
 0
 1
 2
 0
 0
 0
 1
 1
 0
 1
 1
 1
 4
 0
 1
 0
 2
 1
 0
 2
 1
 1
 2
 1
 3
 2
 2
 2
 1
 1
 2
 2
 5
 1
 0
 1
 0
 0
 0
 2
 0
 1
 2
 0
 0
 1
 0
 2
 2
 2
 1
 1
 1
 0
 0
 2
 0
 3
 2
 2
 0
 2
 2
 2
 2
 2
 5
 3
 3
 1
 0
 1
 0
 5
 4
 3
 2
 4
 4
 4
 0
 2
 3
 2
 1
 2
 2
 3
 2
 1
 2
 3
 1
 3
 3
 4
 2
 4
 5
 2
 2
 0
 4
 2
 4
 5
 4
 0
 1
 3
 4
 3
 7
 4
 3
 5
 3
 1
 5
 1
 4
 3
 2
 4
 2
 2
 0
 2
 5
 5
 3
 5
 0
 3
 3
 6
 6
 3
 4
 5
 3
 5
 5
 7
 7
 5
 2
 6
 3
 3
 3
 4
 3
 5
 4
 6
 4
 2
 4
 4
 3
 3
 4
 3
 2
 2
 5
 7
 5
 7
 5
 3
 6
 5
 7
 2
 7
 6
 7
 2
 5
 2
 8
 5
 9
 5
 3
 7
 6
 4
 2
 5
 6
 5
 2
 7
 7
 6
 5
 7
 0
 4
 4
 5
 2
 6
 5
 2
 7
 5
 6
 4
 7
 7
 4
 6
 2
 2
 12
 4
 4
 3
 7
 8
 8
 3
 5
 7
 5
 3
 4
 5
 7
 7
 8
 12
 4
 5
 4
 5
 5
 6
 6
 5
 9
 8
 4
 6
 4
 6
 7
 6
 7
 9
 8
 7
 6
 8
 13
 6
 10
 11
 7
 8
 12
 9
 8
 4
 6
 12
 13
 18
 13
 13
 8
 7
 19
 12
 16
 16
 16
 21
 15
 18
 23
 18
 15
 21
 19
 23
 23
 26
 13
 15
 21
 22
 17
 20
 16
 16
 16
 19
 15
 19
 27
 9
 13
 14
 22
 16
 16
 14
 12
 22
 19
 19
 15
 13
 14
 18
 16
 15
 10
 20
 18
 22
 14
 19
 19
 22
 16
 12
 23
 23
 19
 11
 21
 17
 22
 23
 16
 19
 21
 17
 12
 16
 18
 20
 13
 11
 19
 21
 22
 9
 17
 16
 14
 12
 12
 17
 14
 17
 11
 17
 18
 9
 12
 18
 7
 13
 12
 11
 12
 11
 11
 14
 16
 15
 11
 13
 11
 23
 14
 12
 14
 10
 8
 17
 12
 14
 20
 13
 15
 12
 10
 16
 16
 11
 15
 13
 12
 15
 14
 12
 12
 8
 6
 16
 12
 15
 10
 12
 13
 17
 9
 16
 8
 10
 12
 20
 11
 17
 15
 16
 12
 7
 13
 16
 12
 12
 18
 19
 7
 11
 11
 8
 11
 8
 10
 11
 13
 21
 6
 11
 13
 11
 9
 13
 14
 12
 19
 12
 6
 8
 9
 4
 9
 10
 7
 5
 9
 8
 11
 13
 10
 8
 15
 6
 7
 2
 6
 12
 12
 7
 14
 6
 9
 6
 3
 8
 9
 7
 4
 7
 5
 10
 8
 11
 9
 6
 8
 10
 5
 7
 5
 10
 4
 9
 3
 11
 7
 11
 7
 6
 9
 11
 9
 8
 16
 1
 8
 4
 7
 4
 7
 7
 5
 11
 5
 6
 7
 6
 6
 10
 6
 4
 4
 7
 3
 6
 4
 9
 9
 4
 7
 5
 7
 6
 1
 3
 6
 3
 9
 3
 6
 9
 2
 6
 7
 6
 6
 7
 4
 4
 3
 8
 10
 3
 7
 7
 5
 6
 3
 3
 7
 7
 0
 5
 6
 7
 9
 3
 4
 2
 4
 3
 10
 5
 6
 11
 5
 5
 4
 6
 8
 5
 7
 3
 3
 4
 8
 8
 4
 7
 5
 3
 5
 6
 1
 5
 8
 4
 6
 5
 7
 7
 5
 5
 3
 7
 6
 3
 3
 3
 4
 5
 5
 4
 5
 10
 5
 7
 8
 7
 4
 2
 5
 5
 8
 5
 4
 3
 5
 5
 5
 2
 2
 4
 4
 4
 2
 1
 3
 4
 2
 2
 6
 5
 4
 3
 5
 5
 2
 4
 3
 1
 5
 1
 3
 3
 5
 2
 4
 2
 6
 3
 2
 2
 2
 2
 3
 1
 3
 0
 4
 1
 3
 4
 8
 8
 12
 7
 23
 20
 32
 54
 54
 98
 144
 188
 212
 277
 350
 388
 486
 559
 578
 576
 644
 662
 681
 638
 656
 576
 525
 493
 403
 338
 280
 208
 146
 95
 87
 65
 44
 31
 18
 9
 4
 6
 2
 1
 1
 2
 2
 0
 0
 1
 1
 1
 0
 0
 0
 0
 0
 2
 0
 0
 1
 0
 0
 2
 1
 0
 1
 2
 3
 0
 0
 0
 0
 0
 0
 0
 0
 1
 1
 0
 0
 0
 0
 0
 0
 1
 0
 0
 2
 1
 0
 0
 1
 1
 0
 0
 0
 0
 0
 1
 0
 0
 0
 0
 1
 0
 2
 1
 0
 1
 0
 1
 2
 0
 0
 0
 0
 0
 0
 0
 2
 0
 0
 1
 0
 1
 0
 0
 0
 0
 0
 1
 1
 1
 0
 0
 0
 0
 0
 0
 0
 0
 0
 0
 0
 0
 0
 0
 1
 1
 0
 0
 1
 0
 1
 0
 0
 0
 0
 1
 4
 2
 4
 9
 12
 7
 23
 22
 33
 33
 39
 36
 60
 54
 68
 75
 65
 82
 73
 76
 61
 55
 50
 57
 39
 33
 33
 23
 13
 14
 12
 5
 4
 2
 4
 1
 0
 1
 1
 0
 0
 0
 0
 0
 0
 0
 0
 0
 0
 0
 0
 0
 0
 0
 0
 0
 0
 0
 0
 0
 0
 0
 0
 0
 0
 0
 0
 0
 0
 0
 0
 0
 0
 0
 0
 0
 0
 0
 0
 0
 0
 0
 1
 0
 0
 0
 0
 0
 0
 0
 0
 0
 0
 0
 0
 0
 0
 0
 0
 1
 0
 0
 0
 0
 0
 0
 0
 0
 0
 0
 0
 0
 0
 1
 0
 0
 0
 0
 0
 0
 0
 0
 0
 0
 0
 0
 0
 0
 0
 0
 0
 0
 0
 0
 0
 0
 0
 0
 0
 0
 1
 0
 0
 0
 0
 0
 0
 0
 0
 0
 0
 0
 0
 0
 0
 0
 0
 0
 0
 0
 0
 0
 0
 0
 0
 0
 0
 0
 0
 0
 0
 0
 0
 0
 0
 0
 0
 0
 0
 0
 0
 0
 1
 0
 0
 0
 0
 0
 0
 0
 0
 0
 0
 0
 0
 0
 0
 0
 0
 0
 0
 0
 0
 0
 0
 0
 0
 0
 0
 0
 0
 0
 1
 0
 0
 0
 0
 0
 0
 0
 0
 0
 0
 0
 0
 0
 0
 0
 0
 0
 0
 0
 0
 0
 0
 0
 0
 1
 0
 0
 0
 0
 0
 0
 0
 0
 0
 0
 0
 0
 0
 1
 0
 0
 0
 0
 0
 0
 0
 0
 0
 0
 1
 0
 0
 0
 0
 0
 0
 0
 0
 0
 0
 0
 0
 0
 1
 0
 0
 0
 0
 0
 0
 0
 0
 0
 0
 0
 0
 0
 0
 0
 0
 0
 0
 0
 0
 0
 1
 0
 0
 0
 0
 0
 0
 0
 0
 0
 0
 0
 0
 0
 0
 0
 0
 0
 0
 0
 0
 0
 0
 0
 0
 0
 0
 0
 0
 0
 0
 0
 0
 0
 0
 1
 0
 0
 0
 0
 0
 0
 0
 1
 0
 0
 0
 0
 0
 1
 0
 0
 0
 0
 0
 0
 0
 0
 1
 0
 0
 0
 0
 0
 0
 0
 0
 1
 0
 0
 1
 0
 0
 0
 0
 0
 0
 0
 0
 0
 0
 0
 0
 0
 0
 0
 0
 0
 0
 0
 0
 0
 0
 0
 0
 0
 0
 0
 0
 0
 0
 0
 0
 0
 0
 0
 0
 0
 0
 0
 0
 0
 0
 0
 0
 1
 0
 0
 1
 0
 0
 0
 0
 0
 0
 0
 0
 0
 0
 0
 0
 0
 0
 0
 0
 0
 1
 0
 0
 0
 0
 0
 0
 0
 0
 0
 0
 0
 0
 0
 0
 0
 0
 0
 0
 0
 0
 0
 0
 0
 0
 0
 0
 0
 0
 0
 0
 0
 0
 0
 0
 0
 0
 0
 0
 0
 0
 0
 0
 2
 0
 0
 0
 0
 0
 0
 0
 0
 0
 0
 1
 0
 0
 0
 0
 0
 0
 0
 0
 0
 0
 0
 0
 0
 0
 0
 0
 0
 0
 0
 0
 0
 0
 0
 0
 0
 0
 0
 0
 0
 0
 0
 0
 0
 0
 0
 0
 0
 0
 0
 0
 0
 1
 0
 0
 0
 0
 0
 0
 0
 0
 0
 0
 0
 0
 0
 0
 0
 0
 1
 0
 0
 0
 0
 0
 0
 0
 0
 0
 0
 0
 0
 0
 1
 0
 0
 0
 0
 0
 0
 0
 0
 0
 0
 0
 0
 0
 0
 0
 0
 0
 0
 0
 0
 0
 0
 0
 0
 1
 0
 0
 0
 0
