VERSION:    3.1
ELEMENTS:              1
DATE:       Feb 13, 2015 14:42:24.**
CHANNELS:           2048
ROIS:        0
REAL_TIME:   300.0000305
LIVE_TIME:   269.9953003
CAL_OFFSET:  -7.2238334e-02
CAL_SLOPE:   9.2194537e-03
CAL_QUAD:    0.0000000e+00
TWO_THETA:   10.0000000
DATA: 
 0
 0
 0
 0
 0
 0
 0
 0
 0
 0
 0
 0
 0
 0
 0
 0
 0
 0
 0
 0
 0
 0
 0
 0
 0
 0
 0
 0
 0
 0
 0
 0
 0
 0
 0
 0
 0
 0
 0
 0
 0
 0
 0
 0
 0
 0
 0
 0
 0
 0
 0
 0
 0
 0
 0
 0
 0
 0
 0
 0
 0
 0
 0
 0
 0
 0
 0
 0
 0
 0
 0
 0
 0
 0
 0
 0
 0
 0
 0
 0
 0
 0
 0
 0
 0
 0
 0
 0
 0
 0
 0
 0
 0
 0
 0
 0
 0
 0
 0
 0
 0
 0
 0
 0
 0
 0
 0
 0
 0
 0
 0
 0
 0
 0
 0
 0
 0
 0
 0
 0
 0
 0
 0
 0
 0
 0
 0
 0
 0
 0
 0
 0
 0
 0
 0
 0
 0
 0
 0
 0
 0
 0
 0
 0
 0
 0
 0
 0
 0
 0
 0
 0
 0
 0
 0
 0
 1
 0
 1
 0
 2
 2
 0
 0
 0
 2
 1
 1
 2
 3
 3
 3
 2
 5
 6
 7
 11
 6
 6
 4
 6
 14
 8
 13
 5
 15
 13
 14
 16
 16
 11
 13
 17
 21
 17
 28
 18
 25
 24
 31
 30
 21
 26
 25
 26
 24
 31
 35
 39
 26
 37
 33
 28
 19
 30
 33
 40
 27
 35
 32
 36
 36
 33
 28
 33
 43
 21
 31
 44
 46
 34
 34
 41
 23
 46
 37
 42
 34
 31
 30
 34
 47
 33
 33
 34
 25
 31
 29
 33
 26
 21
 37
 46
 37
 38
 36
 44
 26
 39
 33
 30
 29
 36
 32
 32
 40
 39
 37
 41
 31
 38
 33
 31
 33
 39
 39
 31
 20
 30
 22
 36
 36
 39
 25
 35
 31
 32
 28
 30
 30
 25
 34
 32
 33
 22
 36
 26
 27
 31
 25
 37
 31
 33
 39
 23
 22
 25
 32
 39
 25
 31
 44
 27
 35
 34
 36
 18
 34
 33
 35
 39
 33
 29
 23
 38
 26
 24
 35
 19
 31
 22
 25
 33
 35
 29
 32
 31
 39
 34
 47
 28
 32
 29
 25
 23
 37
 31
 33
 28
 41
 27
 31
 36
 27
 31
 27
 33
 27
 30
 29
 35
 38
 35
 24
 38
 39
 40
 37
 32
 36
 31
 27
 43
 48
 37
 31
 40
 35
 45
 35
 36
 42
 41
 24
 41
 35
 30
 35
 39
 28
 32
 36
 36
 48
 31
 49
 36
 41
 38
 52
 52
 33
 47
 42
 42
 53
 37
 35
 56
 41
 47
 56
 51
 57
 55
 51
 44
 39
 61
 62
 52
 68
 52
 59
 54
 50
 57
 62
 60
 57
 60
 57
 73
 66
 54
 59
 74
 76
 81
 77
 73
 80
 103
 99
 101
 102
 116
 124
 109
 126
 129
 143
 175
 174
 173
 174
 189
 207
 249
 246
 266
 249
 252
 258
 286
 263
 302
 329
 302
 353
 343
 335
 352
 384
 340
 404
 431
 440
 506
 575
 602
 547
 614
 664
 688
 712
 755
 767
 781
 763
 782
 794
 729
 725
 722
 658
 726
 593
 605
 585
 551
 534
 513
 456
 432
 383
 382
 383
 340
 395
 393
 361
 358
 354
 360
 366
 351
 392
 419
 403
 415
 387
 436
 425
 434
 423
 430
 439
 481
 502
 474
 514
 479
 478
 465
 460
 442
 432
 427
 387
 387
 387
 358
 360
 332
 309
 306
 286
 273
 262
 261
 235
 244
 237
 235
 206
 225
 218
 234
 196
 222
 224
 240
 215
 226
 240
 242
 222
 216
 236
 227
 204
 230
 202
 221
 254
 244
 267
 226
 237
 243
 239
 243
 237
 261
 258
 286
 286
 291
 292
 292
 280
 325
 305
 324
 299
 334
 362
 318
 352
 324
 328
 335
 315
 300
 317
 304
 305
 309
 285
 292
 262
 296
 295
 287
 273
 320
 303
 304
 287
 295
 280
 291
 305
 308
 303
 310
 301
 313
 332
 306
 338
 326
 339
 315
 298
 331
 310
 310
 342
 346
 333
 353
 320
 369
 344
 342
 372
 418
 430
 392
 465
 512
 529
 624
 625
 682
 770
 848
 908
 1034
 1073
 1214
 1297
 1479
 1584
 1725
 1878
 1915
 2200
 2325
 2426
 2567
 2714
 2944
 3083
 3212
 3673
 3757
 4163
 4374
 4805
 5304
 5664
 6406
 7117
 7964
 9021
 9902
 10954
 12451
 14068
 15309
 16994
 18264
 19883
 21396
 23200
 23656
 24831
 25464
 25902
 26204
 26144
 25725
 25068
 24320
 22552
 21664
 20704
 19071
 17470
 16226
 14972
 13365
 12267
 11265
 10297
 9595
 8927
 8354
 8163
 7795
 7653
 7537
 7614
 7853
 8119
 8372
 8674
 9182
 9501
 10186
 10687
 10905
 11681
 12145
 12459
 13205
 13554
 14062
 14129
 14581
 14642
 14703
 14551
 14607
 14104
 13713
 13271
 12774
 12240
 11317
 10732
 9998
 9080
 8404
 7595
 6886
 6321
 5555
 5175
 4669
 4306
 3789
 3423
 3106
 2818
 2731
 2607
 2314
 2267
 2068
 2029
 2028
 1850
 1849
 1820
 1729
 1705
 1711
 1618
 1603
 1565
 1555
 1558
 1525
 1494
 1591
 1586
 1637
 1674
 1851
 1899
 2106
 2300
 2434
 2753
 2922
 3262
 3684
 3965
 4298
 4511
 4816
 5143
 5487
 5701
 5833
 5966
 6024
 6130
 6013
 5923
 5834
 5560
 5330
 4972
 4662
 4399
 4031
 3762
 3505
 3339
 3000
 2888
 2581
 2593
 2630
 2488
 2605
 2601
 2676
 2761
 2811
 2977
 3101
 3232
 3340
 3443
 3627
 3741
 3805
 3900
 3727
 3878
 3781
 3844
 3647
 3479
 3386
 3340
 3050
 2828
 2693
 2515
 2436
 2197
 2079
 1907
 1935
 1883
 1750
 1681
 1566
 1555
 1532
 1431
 1369
 1370
 1295
 1201
 1125
 1090
 1031
 868
 822
 772
 700
 688
 594
 569
 483
 448
 410
 358
 354
 286
 302
 271
 264
 235
 224
 208
 168
 162
 169
 176
 149
 142
 121
 122
 131
 111
 111
 105
 99
 107
 104
 88
 101
 82
 81
 83
 89
 91
 83
 77
 81
 79
 68
 86
 88
 84
 89
 72
 66
 78
 68
 82
 77
 89
 87
 81
 90
 96
 77
 92
 101
 97
 79
 79
 87
 70
 84
 65
 78
 72
 63
 74
 68
 61
 62
 76
 72
 62
 61
 54
 52
 63
 51
 63
 57
 58
 58
 61
 65
 68
 57
 51
 69
 64
 69
 58
 72
 58
 41
 60
 62
 74
 64
 65
 53
 52
 68
 45
 54
 58
 57
 63
 61
 63
 57
 58
 45
 80
 63
 72
 67
 67
 66
 57
 59
 62
 69
 60
 59
 65
 73
 63
 58
 62
 60
 55
 66
 52
 73
 69
 62
 69
 66
 74
 71
 57
 62
 56
 61
 72
 54
 57
 55
 67
 70
 78
 55
 59
 68
 70
 71
 69
 62
 65
 63
 65
 65
 72
 63
 64
 74
 60
 60
 69
 59
 70
 75
 71
 84
 77
 68
 62
 68
 74
 49
 63
 65
 57
 56
 69
 73
 67
 70
 67
 76
 67
 64
 60
 58
 81
 65
 78
 83
 73
 52
 76
 71
 72
 86
 71
 79
 74
 82
 74
 89
 97
 85
 104
 105
 123
 132
 137
 134
 152
 161
 172
 194
 236
 205
 245
 277
 313
 341
 357
 367
 381
 416
 453
 474
 476
 546
 589
 599
 680
 717
 788
 845
 880
 974
 997
 1176
 1216
 1367
 1537
 1737
 1899
 2185
 2430
 2639
 2952
 3226
 3533
 3676
 3968
 4196
 4345
 4668
 4556
 4563
 4607
 4643
 4404
 4290
 4212
 3974
 3716
 3453
 3187
 3021
 2773
 2423
 2181
 2070
 1799
 1600
 1498
 1329
 1223
 1030
 966
 904
 853
 756
 707
 660
 612
 574
 562
 515
 494
 416
 424
 395
 367
 367
 371
 341
 281
 253
 235
 254
 199
 205
 175
 165
 173
 150
 153
 121
 103
 123
 109
 99
 88
 110
 102
 74
 91
 114
 109
 84
 80
 77
 83
 91
 80
 76
 79
 87
 96
 69
 76
 76
 87
 83
 74
 79
 77
 83
 89
 81
 82
 74
 85
 52
 80
 100
 80
 82
 83
 95
 84
 89
 71
 100
 89
 75
 95
 67
 75
 87
 80
 80
 64
 74
 75
 72
 65
 84
 66
 65
 85
 75
 79
 84
 75
 74
 77
 73
 85
 75
 80
 90
 71
 59
 64
 78
 83
 72
 79
 69
 86
 72
 85
 83
 84
 86
 76
 95
 64
 86
 80
 90
 71
 93
 104
 86
 98
 103
 99
 113
 119
 126
 156
 147
 168
 160
 186
 191
 211
 235
 277
 232
 291
 304
 329
 322
 373
 382
 396
 423
 439
 479
 572
 577
 592
 640
 688
 783
 882
 975
 1094
 1212
 1295
 1526
 1662
 1823
 1981
 2216
 2376
 2606
 2774
 2988
 3053
 3230
 3275
 3359
 3330
 3299
 3284
 3200
 3019
 2819
 2606
 2560
 2331
 2216
 2030
 1825
 1566
 1479
 1342
 1197
 1070
 963
 841
 753
 718
 658
 622
 600
 561
 563
 507
 454
 437
 439
 388
 395
 377
 375
 355
 337
 349
 341
 337
 313
 361
 365
 329
 327
 341
 353
 399
 409
 445
 454
 483
 494
 555
 595
 675
 623
 619
 692
 701
 722
 657
 715
 637
 651
 703
 574
 607
 552
 501
 478
 433
 396
 363
 304
 338
 274
 256
 248
 231
 199
 210
 204
 176
 167
 162
 157
 153
 161
 161
 148
 136
 160
 146
 147
 150
 159
 151
 127
 131
 125
 102
 123
 108
 131
 111
 86
 106
 94
 105
 102
 93
 85
 85
 78
 80
 71
 88
 70
 81
 83
 64
 80
 80
 74
 69
 61
 70
 68
 52
 65
 77
 74
 50
 80
 71
 73
 59
 68
 74
 75
 77
 64
 83
 80
 87
 66
 77
 68
 74
 67
 61
 58
 62
 69
 77
 66
 86
 70
 72
 79
 62
 73
 57
 58
 57
 68
 73
 73
 65
 57
 69
 65
 68
 70
 64
 57
 64
 51
 56
 60
 57
 49
 60
 57
 64
 63
 54
 67
 55
 55
 68
 65
 57
 76
 46
 71
 62
 60
 63
 59
 65
 66
 73
 54
 86
 78
 61
 70
 60
 55
 64
 69
 64
 60
 74
 66
 69
 86
 58
 53
 72
 59
 81
 69
 85
 52
 79
 61
 50
 67
 81
 59
 75
 79
 79
 51
 75
 75
 64
 83
 82
 94
 88
 73
 72
 93
 82
 100
 100
 80
 86
 105
 118
 119
 100
 111
 119
 137
 133
 134
 147
 157
 198
 192
 234
 216
 261
 259
 283
 336
 335
 364
 402
 388
 399
 412
 416
 398
 418
 395
 402
 393
 336
 363
 338
 304
 277
 269
 227
 242
 203
 188
 175
 187
 156
 164
 135
 142
 123
 115
 112
 106
 87
 84
 88
 87
 81
 91
 83
 85
 78
 58
 85
 66
 61
 64
 77
 71
 56
 70
 64
 66
 53
 49
 57
 60
 48
 59
 51
 51
 66
 62
 41
 47
 52
 48
 55
 44
 47
 36
 63
 47
 48
 56
 54
 41
 53
 55
 44
 40
 56
 52
 51
 54
 52
 47
 47
 50
 40
 50
 47
 46
 49
 49
 54
 45
 46
 45
 52
 59
 49
 51
 59
 67
 58
 54
 72
 64
 61
 56
 58
 59
 90
 86
 70
 90
 84
 101
 80
 93
 106
 88
 112
 108
 128
 125
 121
 129
 128
 120
 120
 172
 176
 169
 204
 221
 220
 256
 297
 303
 319
 360
 378
 419
 456
 528
 524
 598
 582
 635
 569
 656
 655
 609
 602
 618
 582
 609
 526
 542
 482
 475
 470
 397
 417
 348
 322
 291
 271
 273
 263
 224
 229
 226
 194
 191
 232
 171
 234
 195
 184
 191
 239
 219
 270
 250
 311
 301
 282
 360
 399
 360
 374
 374
 471
 440
 464
 430
 421
 431
 404
 437
 408
 416
 407
 396
 367
 333
 292
 322
 257
 246
 207
 201
 191
 168
 145
 141
 143
 127
 124
 130
 117
 112
 116
 101
 114
 101
 74
 86
 78
 90
 77
 80
 103
 99
 69
 73
 73
 60
 65
 71
 63
 76
 72
 51
 44
 60
 59
 55
 49
 50
 53
 48
 44
 42
 52
 58
 49
 65
 57
 45
 50
 33
 48
 49
 36
 49
 44
 48
 52
 48
 32
 45
 53
 36
 48
 34
 42
 33
 39
 36
 36
 36
 28
 36
 41
 26
 26
 36
 28
 23
 36
 25
 30
 40
 23
 34
 27
 29
 19
 23
 21
 33
 23
 32
 18
 38
 24
 29
 19
 27
 35
 25
 27
 29
 30
 22
 24
 21
 27
 31
 28
 24
 20
 30
 32
 27
 39
 28
 28
 39
 40
 34
 46
 37
 36
 62
 44
 52
 45
 62
 60
 64
 62
 80
 78
 63
 77
 104
 93
 96
 98
 92
 116
 140
 142
 139
 201
 199
 201
 237
 244
 285
 294
 293
 315
 338
 318
 358
 344
 344
 366
 352
 336
 329
 329
 289
 301
 260
 236
 217
 206
 196
 185
 163
 132
 123
 112
 107
 84
 86
 87
 91
 66
 81
 69
 62
 74
 55
 46
 47
 47
 55
 54
 31
 51
 40
 43
 33
 31
 38
 28
 43
 27
 33
 39
 35
 33
 23
 38
 34
 24
 19
 30
 30
 23
 32
 32
 33
 31
 33
 29
