VERSION:    3.1
ELEMENTS:              1
DATE:       Feb 09, 2015 16:00:16.**
CHANNELS:           2048
ROIS:        0
REAL_TIME:   600.0007324
LIVE_TIME:   571.4245605
CAL_OFFSET:  -7.2238334e-02
CAL_SLOPE:   9.2194537e-03
CAL_QUAD:    0.0000000e+00
TWO_THETA:   10.0000000
DATA: 
 0
 0
 0
 0
 0
 0
 0
 0
 0
 0
 0
 0
 0
 0
 0
 0
 0
 0
 0
 0
 0
 0
 0
 0
 0
 0
 0
 0
 0
 0
 0
 0
 0
 0
 0
 0
 0
 0
 0
 0
 0
 0
 0
 0
 0
 0
 0
 0
 0
 0
 0
 0
 0
 0
 0
 0
 0
 0
 0
 0
 0
 0
 0
 0
 0
 0
 0
 0
 0
 0
 0
 0
 0
 0
 0
 0
 0
 0
 0
 0
 0
 0
 0
 0
 0
 0
 0
 0
 0
 0
 0
 0
 0
 0
 0
 0
 0
 0
 0
 0
 0
 0
 0
 0
 0
 0
 0
 0
 0
 0
 0
 0
 0
 0
 0
 0
 0
 0
 0
 0
 0
 0
 0
 0
 0
 0
 0
 0
 0
 0
 0
 0
 0
 0
 0
 0
 0
 0
 0
 0
 0
 0
 0
 0
 0
 0
 0
 1
 0
 0
 0
 0
 0
 1
 2
 0
 1
 0
 0
 0
 2
 0
 1
 4
 1
 2
 5
 2
 4
 2
 5
 5
 8
 11
 9
 15
 8
 12
 14
 16
 20
 24
 11
 17
 19
 25
 37
 51
 37
 48
 47
 56
 59
 69
 71
 63
 75
 99
 93
 93
 117
 98
 99
 116
 115
 95
 94
 98
 99
 97
 83
 91
 74
 86
 89
 78
 68
 70
 75
 64
 73
 65
 60
 74
 65
 68
 69
 53
 56
 61
 57
 55
 42
 30
 58
 52
 48
 40
 33
 51
 34
 29
 34
 28
 27
 41
 36
 32
 39
 36
 29
 26
 38
 46
 38
 38
 35
 22
 47
 32
 33
 38
 35
 44
 47
 47
 46
 45
 50
 52
 39
 44
 53
 50
 56
 59
 60
 56
 65
 63
 48
 67
 67
 63
 61
 72
 77
 80
 81
 79
 85
 70
 69
 53
 67
 60
 62
 46
 70
 65
 66
 60
 80
 63
 61
 70
 64
 68
 80
 95
 74
 70
 77
 77
 73
 97
 90
 83
 90
 109
 100
 120
 114
 132
 131
 125
 156
 155
 163
 177
 194
 187
 179
 193
 204
 235
 195
 239
 265
 208
 251
 223
 274
 273
 279
 286
 302
 345
 334
 336
 360
 363
 358
 367
 338
 328
 329
 315
 306
 299
 281
 262
 251
 197
 222
 192
 167
 184
 133
 131
 139
 127
 160
 118
 131
 126
 139
 127
 142
 145
 125
 137
 148
 166
 186
 180
 207
 220
 231
 240
 236
 264
 269
 279
 303
 337
 349
 393
 435
 440
 498
 533
 560
 696
 710
 731
 873
 843
 877
 1046
 1083
 1114
 1155
 1101
 1168
 1207
 1186
 1129
 1137
 1095
 1083
 961
 946
 937
 858
 855
 831
 793
 795
 806
 770
 699
 709
 683
 630
 654
 588
 606
 549
 524
 460
 438
 435
 412
 355
 354
 305
 303
 233
 258
 216
 213
 232
 182
 199
 180
 191
 183
 149
 168
 165
 195
 180
 165
 192
 164
 159
 170
 184
 163
 178
 185
 194
 196
 223
 187
 241
 258
 268
 250
 274
 295
 333
 323
 373
 379
 404
 400
 495
 569
 542
 606
 644
 702
 807
 824
 820
 912
 954
 927
 930
 928
 978
 939
 967
 846
 858
 822
 883
 855
 833
 789
 787
 810
 870
 797
 856
 890
 840
 923
 984
 990
 1016
 1099
 1162
 1270
 1290
 1352
 1340
 1547
 1574
 1680
 1721
 1828
 2019
 2069
 2212
 2312
 2434
 2563
 2613
 2682
 2712
 2819
 2807
 2862
 2806
 2911
 2832
 2734
 2919
 2805
 2765
 2722
 2556
 2525
 2476
 2391
 2330
 2295
 2232
 2108
 1959
 1819
 1769
 1646
 1537
 1412
 1316
 1208
 1129
 1064
 948
 896
 834
 752
 768
 701
 670
 656
 624
 624
 635
 609
 659
 630
 654
 696
 692
 759
 725
 722
 750
 908
 898
 971
 964
 1109
 1219
 1370
 1409
 1648
 1763
 1994
 2121
 2281
 2401
 2598
 2741
 2761
 2934
 2992
 2977
 2952
 2827
 2920
 2760
 2627
 2509
 2437
 2236
 1994
 1952
 1760
 1676
 1550
 1516
 1368
 1376
 1288
 1293
 1227
 1238
 1263
 1327
 1443
 1458
 1489
 1595
 1663
 1720
 1847
 1937
 2006
 2163
 2174
 2228
 2311
 2406
 2266
 2336
 2207
 2207
 2066
 2059
 1916
 1823
 1644
 1532
 1437
 1270
 1168
 1096
 1098
 898
 865
 845
 735
 768
 774
 713
 675
 645
 637
 637
 689
 639
 646
 681
 657
 672
 697
 704
 701
 721
 725
 782
 843
 824
 888
 857
 924
 934
 1021
 1139
 1080
 1184
 1245
 1295
 1386
 1494
 1596
 1648
 1678
 1844
 2013
 2057
 2272
 2298
 2404
 2589
 2678
 2817
 2986
 3222
 3380
 3668
 3942
 4232
 4575
 5094
 5460
 5991
 6689
 7285
 8312
 9038
 10132
 11018
 12231
 13430
 14803
 16215
 17693
 19219
 20461
 21682
 23456
 24358
 25755
 26657
 27673
 28000
 28689
 29090
 28457
 28085
 28211
 27090
 26056
 25315
 23882
 22151
 20339
 18886
 17606
 15619
 14339
 13066
 11411
 10333
 9286
 8161
 7365
 6520
 5940
 5297
 4733
 4323
 3932
 3683
 3457
 3242
 2874
 2761
 2573
 2328
 2184
 2047
 2042
 1939
 1778
 1797
 1705
 1669
 1613
 1611
 1621
 1449
 1499
 1431
 1408
 1349
 1308
 1263
 1222
 1204
 1105
 1053
 995
 965
 937
 926
 966
 904
 949
 953
 1009
 990
 1059
 1162
 1215
 1205
 1315
 1373
 1454
 1525
 1599
 1689
 1793
 1859
 1981
 2051
 2118
 2267
 2362
 2578
 2620
 2728
 2927
 3094
 3376
 3531
 3900
 4340
 4480
 4901
 5277
 5562
 5789
 6130
 6458
 6547
 6802
 6864
 6881
 6750
 6624
 6325
 6206
 5903
 5689
 5237
 4911
 4760
 4425
 4195
 4150
 3826
 3650
 3508
 3465
 3310
 3179
 3061
 3056
 2987
 2847
 2706
 2512
 2404
 2328
 2111
 1917
 1860
 1716
 1553
 1416
 1289
 1183
 1110
 934
 941
 804
 725
 732
 731
 677
 623
 597
 614
 598
 589
 528
 507
 517
 466
 465
 441
 430
 369
 380
 355
 316
 311
 352
 272
 268
 259
 220
 215
 229
 244
 238
 191
 194
 209
 228
 219
 208
 250
 264
 259
 261
 300
 325
 338
 377
 379
 338
 450
 449
 422
 428
 462
 477
 465
 471
 463
 406
 414
 441
 408
 416
 390
 395
 361
 373
 421
 353
 344
 400
 416
 441
 417
 416
 461
 391
 439
 409
 423
 433
 418
 399
 381
 366
 333
 265
 300
 283
 264
 248
 217
 202
 207
 183
 182
 180
 161
 152
 152
 127
 109
 132
 148
 142
 144
 144
 139
 151
 145
 143
 121
 152
 134
 130
 156
 167
 120
 132
 180
 170
 156
 159
 135
 169
 162
 188
 177
 164
 177
 214
 206
 212
 221
 245
 243
 269
 262
 265
 273
 303
 325
 301
 330
 302
 335
 354
 329
 285
 335
 320
 276
 288
 277
 276
 268
 240
 257
 245
 227
 207
 217
 208
 225
 189
 193
 236
 203
 233
 212
 237
 275
 241
 248
 284
 276
 257
 291
 304
 258
 265
 261
 277
 298
 272
 291
 288
 283
 286
 275
 307
 313
 298
 303
 302
 291
 342
 309
 344
 331
 317
 350
 341
 331
 321
 299
 307
 341
 275
 278
 283
 253
 260
 227
 217
 209
 230
 200
 184
 196
 162
 192
 165
 185
 168
 169
 179
 211
 189
 190
 205
 238
 214
 226
 223
 250
 231
 215
 202
 217
 242
 251
 208
 264
 270
 253
 243
 281
 249
 290
 338
 287
 290
 358
 355
 329
 368
 362
 344
 372
 369
 355
 350
 363
 310
 324
 318
 293
 304
 252
 262
 249
 211
 227
 230
 216
 214
 204
 188
 198
 186
 187
 190
 170
 187
 174
 161
 206
 205
 177
 194
 196
 188
 188
 164
 189
 210
 189
 199
 191
 173
 179
 167
 191
 187
 200
 206
 224
 186
 192
 218
 178
 206
 178
 184
 198
 170
 198
 165
 161
 148
 161
 158
 164
 149
 138
 146
 154
 140
 117
 141
 135
 150
 164
 157
 155
 176
 154
 163
 178
 182
 192
 191
 180
 175
 191
 175
 174
 201
 176
 195
 203
 209
 209
 224
 237
 219
 243
 211
 248
 248
 236
 235
 249
 261
 253
 254
 227
 239
 227
 198
 199
 215
 192
 194
 204
 198
 161
 191
 217
 205
 211
 196
 177
 193
 216
 192
 238
 239
 248
 249
 238
 257
 274
 235
 226
 260
 274
 239
 237
 260
 226
 224
 226
 242
 228
 211
 235
 259
 252
 247
 207
 233
 220
 214
 231
 208
 187
 218
 188
 188
 188
 167
 171
 145
 164
 175
 140
 131
 150
 124
 108
 126
 131
 137
 117
 114
 110
 117
 101
 99
 111
 127
 120
 107
 119
 133
 125
 138
 146
 136
 158
 147
 157
 178
 166
 176
 185
 175
 184
 164
 189
 173
 183
 196
 191
 197
 197
 188
 156
 186
 151
 183
 166
 173
 166
 143
 150
 156
 196
 159
 148
 139
 162
 140
 159
 154
 160
 160
 153
 141
 136
 164
 153
 154
 140
 171
 148
 142
 143
 136
 138
 137
 138
 118
 116
 106
 131
 128
 118
 113
 122
 129
 107
 114
 117
 110
 108
 130
 115
 105
 117
 121
 105
 100
 112
 114
 145
 93
 118
 111
 120
 114
 134
 113
 143
 125
 122
 127
 150
 149
 141
 164
 140
 157
 155
 182
 187
 190
 191
 163
 199
 196
 154
 188
 160
 176
 168
 152
 141
 160
 155
 148
 137
 146
 154
 138
 129
 149
 134
 144
 153
 125
 125
 136
 133
 143
 144
 138
 162
 166
 137
 137
 157
 150
 140
 151
 146
 147
 123
 152
 150
 147
 149
 169
 154
 148
 146
 142
 157
 148
 146
 137
 145
 142
 127
 127
 123
 112
 131
 124
 115
 121
 110
 107
 134
 115
 115
 111
 123
 86
 111
 108
 91
 95
 118
 103
 113
 131
 98
 68
 92
 114
 112
 82
 103
 89
 105
 104
 111
 119
 108
 97
 91
 85
 99
 112
 106
 103
 96
 111
 99
 96
 113
 87
 114
 99
 110
 99
 115
 113
 102
 116
 115
 117
 88
 107
 109
 100
 93
 125
 100
 101
 118
 104
 106
 110
 92
 120
 85
 81
 98
 88
 79
 105
 91
 92
 77
 78
 84
 81
 79
 75
 63
 68
 73
 82
 81
 70
 76
 100
 101
 81
 86
 87
 86
 76
 84
 78
 95
 107
 85
 89
 108
 106
 105
 102
 109
 101
 86
 99
 89
 83
 89
 93
 88
 89
 93
 94
 97
 111
 72
 88
 95
 79
 88
 109
 99
 99
 75
 118
 95
 80
 93
 107
 87
 110
 90
 88
 86
 93
 100
 99
 103
 86
 85
 70
 79
 84
 77
 83
 77
 80
 75
 82
 77
 70
 73
 65
 78
 66
 72
 73
 97
 69
 80
 81
 73
 79
 72
 86
 79
 70
 84
 61
 81
 82
 88
 98
 71
 85
 74
 68
 69
 76
 92
 100
 54
 77
 84
 88
 70
 71
 78
 61
 64
 70
 69
 68
 70
 63
 78
 77
 73
 67
 63
 63
 62
 54
 71
 66
 67
 54
 70
 63
 65
 69
 52
 61
 57
 47
 54
 57
 50
 60
 50
 36
 56
 50
 56
 54
 47
 56
 58
 55
 58
 56
 76
 45
 45
 48
 48
 67
 47
 63
 55
 54
 54
 67
 54
 48
 62
 54
 63
 64
 77
 54
 65
 66
 55
 60
 58
 71
 63
 62
 62
 61
 57
 58
 64
 72
 63
 61
 64
 52
 65
 69
 67
 66
 57
 67
 73
 67
 60
 69
 59
 57
 68
 64
 53
 55
 54
 49
 52
 62
 56
 81
 47
 41
 55
 62
 53
 50
 48
 55
 47
 61
 59
 54
 53
 44
 48
 44
 47
 58
 48
 42
 51
 56
 63
 73
 51
 62
 76
 52
 64
 69
 56
 67
 62
 48
 47
 64
 63
 77
 59
 61
 65
 50
 58
 58
 46
 51
 54
 43
 54
 54
 58
 45
 68
 48
 49
 68
 52
 51
 42
 49
 42
 47
 44
 47
 39
 53
 54
 46
 39
 53
 47
 49
 47
 44
 39
 46
 42
 36
 62
 38
 44
 53
 40
 49
 41
 48
 32
 44
 38
 63
 42
 45
 40
 46
 47
 45
 46
 43
 47
 37
 43
 37
 33
 34
 41
 41
 43
 38
 40
 23
 25
 19
 25
 42
 43
 27
 27
 23
 12
 24
 36
 42
 36
 35
 34
 31
 24
 30
 30
 30
 39
 35
 29
 31
 17
 30
 32
 29
 24
 28
 22
 22
 27
 26
 30
 22
 22
 25
 33
 38
 24
 20
 21
 30
 29
 26
 28
 32
 29
 31
 30
 34
 31
 36
 29
 35
 31
 32
 27
 36
 37
 30
 42
 29
 27
 41
 31
 29
 32
 32
 35
 29
 33
 36
 30
 32
 23
 41
 23
 39
 26
 35
 39
 30
 34
 29
 30
 38
 20
 22
 33
 26
 33
 27
 24
 22
 27
 16
 26
 28
 24
 32
 25
 23
 16
 31
 36
 21
 17
 26
 26
 25
 28
 25
 30
 25
 29
 23
 20
 30
 28
 25
 22
 25
 23
 26
 35
 30
 17
 28
 32
 26
 30
 22
 22
 22
 24
 26
 22
 25
 22
 24
 28
 20
 23
 25
 26
 28
 26
 15
