VERSION:    3.1
ELEMENTS:              1
DATE:       Feb 11, 2015 22:23:16.**
CHANNELS:           2048
ROIS:        0
REAL_TIME:   600.0004883
LIVE_TIME:   578.3962402
CAL_OFFSET:  -7.2238334e-02
CAL_SLOPE:   9.2194537e-03
CAL_QUAD:    0.0000000e+00
TWO_THETA:   10.0000000
DATA: 
 0
 0
 0
 0
 0
 0
 0
 0
 0
 0
 0
 0
 0
 0
 0
 0
 0
 0
 0
 0
 0
 0
 0
 0
 0
 0
 0
 0
 0
 0
 0
 0
 0
 0
 0
 0
 0
 0
 0
 0
 0
 0
 0
 0
 0
 0
 0
 0
 0
 0
 0
 0
 0
 0
 0
 0
 0
 0
 0
 0
 0
 0
 0
 0
 0
 0
 0
 0
 0
 0
 0
 0
 0
 0
 0
 0
 0
 0
 0
 0
 0
 0
 0
 0
 0
 0
 0
 0
 0
 0
 0
 0
 0
 0
 0
 0
 0
 0
 0
 0
 0
 0
 0
 0
 0
 0
 0
 0
 0
 0
 0
 0
 0
 0
 0
 0
 0
 0
 0
 0
 0
 0
 0
 0
 0
 0
 0
 0
 0
 0
 0
 0
 0
 0
 0
 0
 0
 0
 0
 0
 0
 0
 0
 0
 0
 0
 0
 0
 0
 0
 0
 0
 0
 0
 0
 0
 0
 0
 0
 0
 0
 0
 1
 1
 0
 1
 0
 2
 5
 5
 2
 5
 6
 4
 8
 8
 10
 9
 16
 13
 13
 16
 11
 24
 23
 24
 28
 42
 47
 51
 71
 70
 121
 115
 142
 155
 194
 187
 202
 221
 215
 210
 210
 214
 190
 197
 145
 134
 103
 99
 100
 71
 72
 51
 45
 48
 34
 38
 37
 26
 15
 22
 19
 31
 23
 28
 30
 25
 42
 29
 30
 52
 39
 39
 38
 41
 52
 56
 59
 47
 37
 45
 31
 32
 41
 41
 43
 47
 39
 46
 53
 53
 53
 76
 68
 90
 111
 81
 103
 122
 114
 140
 157
 144
 140
 147
 115
 130
 107
 107
 76
 92
 70
 86
 61
 50
 42
 45
 28
 28
 21
 25
 16
 24
 20
 25
 24
 26
 14
 18
 21
 22
 21
 24
 34
 23
 21
 30
 26
 23
 30
 17
 19
 26
 19
 22
 18
 22
 27
 19
 22
 28
 16
 16
 28
 16
 25
 20
 26
 28
 22
 32
 24
 20
 24
 17
 19
 21
 24
 24
 28
 14
 22
 29
 26
 23
 28
 27
 20
 28
 30
 21
 32
 31
 21
 23
 17
 26
 24
 33
 29
 21
 34
 24
 26
 23
 18
 32
 20
 28
 29
 35
 32
 28
 30
 34
 34
 40
 37
 39
 21
 32
 33
 42
 45
 33
 43
 41
 40
 36
 45
 39
 34
 31
 38
 54
 44
 55
 63
 48
 60
 83
 98
 95
 141
 164
 222
 291
 389
 533
 676
 824
 1036
 1232
 1461
 1703
 1957
 2156
 2451
 2621
 2843
 2870
 3042
 2843
 2838
 2619
 2457
 2214
 1994
 1735
 1460
 1255
 1083
 850
 685
 557
 429
 315
 267
 205
 195
 174
 155
 129
 131
 119
 128
 132
 131
 121
 111
 109
 124
 114
 118
 120
 125
 129
 147
 182
 181
 237
 246
 291
 302
 366
 389
 385
 412
 438
 538
 566
 600
 677
 786
 865
 957
 1081
 1225
 1342
 1461
 1691
 1813
 1889
 1948
 1947
 1910
 1916
 1827
 1711
 1631
 1512
 1281
 1120
 974
 824
 659
 520
 446
 374
 297
 231
 172
 180
 123
 119
 139
 127
 116
 136
 131
 110
 136
 134
 143
 142
 142
 136
 160
 154
 189
 159
 183
 169
 191
 205
 195
 210
 237
 264
 244
 298
 312
 301
 357
 362
 347
 401
 403
 407
 424
 418
 422
 440
 432
 423
 421
 370
 371
 353
 300
 316
 275
 214
 212
 216
 192
 163
 147
 165
 149
 135
 137
 130
 107
 125
 112
 133
 109
 123
 130
 132
 145
 146
 151
 156
 193
 183
 217
 211
 231
 269
 251
 249
 278
 279
 274
 271
 309
 276
 269
 241
 233
 213
 193
 182
 174
 158
 160
 152
 136
 137
 125
 118
 118
 149
 140
 141
 116
 127
 130
 129
 147
 137
 137
 154
 155
 141
 176
 172
 167
 163
 156
 166
 161
 172
 155
 156
 131
 113
 142
 170
 160
 173
 155
 167
 166
 178
 170
 212
 194
 212
 182
 212
 214
 209
 185
 212
 165
 192
 181
 176
 176
 176
 178
 180
 197
 202
 214
 236
 266
 269
 353
 416
 509
 639
 863
 1067
 1349
 1811
 2206
 2992
 3634
 4341
 5385
 6268
 7173
 8299
 8967
 9846
 10433
 11080
 11281
 11141
 11097
 10503
 9695
 9037
 8069
 7195
 6137
 5294
 4431
 3573
 2973
 2351
 1834
 1487
 1241
 1040
 715
 702
 539
 482
 466
 361
 383
 364
 341
 299
 298
 271
 253
 237
 212
 239
 204
 209
 201
 197
 205
 234
 243
 208
 251
 243
 244
 321
 361
 409
 460
 598
 774
 958
 1228
 1515
 1861
 2370
 2808
 3538
 4443
 5053
 5941
 6915
 7917
 8870
 9881
 10990
 12068
 12873
 13605
 14625
 14951
 15582
 16114
 16110
 15951
 15564
 15191
 14514
 13494
 12530
 11424
 10278
 8942
 7646
 6487
 5458
 4569
 3598
 2887
 2311
 1828
 1372
 1039
 805
 689
 563
 569
 569
 587
 728
 908
 1098
 1424
 1695
 2223
 2682
 3317
 3976
 4683
 5615
 6434
 7075
 7680
 8463
 9051
 9294
 9494
 9335
 9180
 8912
 8184
 7460
 6815
 6069
 5228
 4498
 3744
 3028
 2545
 2042
 1526
 1295
 947
 779
 702
 549
 546
 499
 579
 613
 670
 753
 890
 1002
 1159
 1294
 1530
 1539
 1760
 1922
 1952
 1967
 1975
 1970
 1951
 1917
 1847
 1771
 1850
 1836
 1885
 1856
 2101
 2296
 2438
 2690
 2983
 3293
 3651
 3817
 3825
 4111
 4217
 4145
 4060
 3983
 3729
 3496
 3209
 2932
 2633
 2355
 2038
 1838
 1631
 1516
 1348
 1342
 1324
 1238
 1224
 1262
 1267
 1172
 1175
 1157
 1176
 1100
 1022
 980
 864
 791
 671
 600
 540
 449
 348
 285
 223
 191
 141
 125
 97
 102
 68
 59
 51
 60
 35
 39
 47
 35
 41
 36
 33
 40
 35
 44
 30
 37
 37
 39
 42
 36
 37
 44
 40
 35
 26
 49
 49
 32
 43
 40
 41
 46
 35
 42
 37
 46
 49
 50
 42
 50
 40
 28
 41
 47
 60
 56
 59
 68
 87
 94
 119
 124
 164
 174
 218
 259
 328
 345
 393
 460
 506
 543
 586
 586
 599
 590
 596
 556
 540
 514
 501
 412
 377
 325
 265
 259
 217
 145
 153
 124
 105
 88
 65
 55
 65
 67
 46
 47
 60
 56
 53
 43
 56
 43
 42
 41
 38
 53
 47
 39
 53
 46
 62
 48
 53
 47
 39
 48
 61
 58
 54
 48
 50
 54
 59
 57
 59
 54
 46
 49
 56
 58
 46
 55
 61
 68
 56
 59
 76
 78
 82
 92
 116
 132
 183
 220
 261
 300
 353
 418
 557
 583
 693
 794
 921
 1004
 1146
 1221
 1317
 1246
 1313
 1194
 1241
 1216
 1150
 1007
 875
 827
 773
 645
 531
 492
 451
 424
 400
 409
 476
 481
 490
 563
 582
 686
 705
 748
 827
 836
 893
 870
 897
 833
 811
 748
 706
 640
 558
 485
 399
 348
 287
 243
 199
 184
 161
 128
 90
 94
 73
 70
 65
 55
 62
 60
 52
 52
 66
 64
 54
 63
 59
 60
 58
 61
 54
 48
 51
 53
 43
 69
 42
 49
 52
 47
 51
 53
 49
 49
 45
 48
 59
 51
 62
 63
 60
 55
 62
 55
 49
 52
 54
 51
 54
 62
 52
 44
 46
 60
 55
 36
 58
 59
 56
 52
 56
 65
 59
 59
 55
 65
 65
 76
 90
 109
 111
 165
 180
 213
 278
 301
 378
 455
 596
 702
 746
 846
 898
 1047
 1106
 1203
 1224
 1222
 1227
 1167
 1155
 1070
 983
 885
 827
 681
 590
 558
 494
 324
 267
 195
 193
 150
 136
 103
 87
 77
 78
 76
 62
 62
 58
 46
 69
 58
 59
 61
 46
 55
 57
 57
 55
 62
 60
 56
 49
 50
 45
 54
 62
 72
 64
 54
 60
 55
 86
 62
 75
 105
 97
 112
 108
 162
 171
 231
 292
 342
 375
 503
 557
 711
 703
 820
 929
 975
 956
 1026
 1007
 994
 1020
 923
 856
 786
 697
 641
 544
 447
 379
 343
 244
 222
 195
 173
 116
 82
 94
 82
 78
 53
 55
 48
 49
 48
 57
 45
 42
 43
 52
 56
 49
 58
 53
 54
 38
 43
 44
 42
 45
 50
 45
 40
 37
 38
 45
 40
 45
 38
 53
 52
 46
 47
 41
 46
 40
 40
 44
 33
 38
 46
 45
 45
 44
 47
 39
 53
 48
 45
 39
 41
 37
 28
 48
 40
 38
 41
 54
 44
 47
 43
 41
 47
 41
 57
 45
 42
 56
 39
 47
 54
 72
 71
 62
 88
 110
 119
 135
 138
 174
 180
 221
 232
 266
 290
 324
 333
 328
 339
 321
 359
 322
 284
 288
 285
 272
 226
 176
 160
 153
 137
 125
 114
 95
 63
 64
 66
 49
 47
 50
 54
 46
 58
 61
 57
 46
 38
 45
 43
 49
 44
 48
 41
 54
 48
 48
 44
 59
 51
 66
 64
 77
 90
 100
 123
 163
 192
 226
 253
 310
 372
 465
 512
 583
 671
 684
 794
 894
 879
 909
 899
 846
 840
 854
 849
 778
 751
 652
 629
 536
 500
 487
 473
 478
 423
 419
 408
 421
 417
 399
 373
 397
 380
 395
 329
 294
 275
 273
 200
 178
 189
 137
 107
 122
 97
 61
 68
 69
 66
 54
 65
 43
 60
 54
 49
 45
 25
 54
 42
 41
 54
 53
 43
 50
 38
 38
 40
 37
 41
 40
 47
 43
 33
 43
 44
 55
 56
 35
 41
 45
 39
 63
 31
 52
 42
 41
 55
 71
 56
 60
 72
 79
 81
 88
 120
 138
 141
 183
 205
 211
 275
 300
 289
 336
 363
 388
 378
 383
 358
 361
 354
 327
 374
 289
 263
 236
 214
 191
 146
 143
 102
 112
 76
 62
 66
 55
 46
 47
 54
 49
 54
 30
 29
 34
 33
 43
 37
 42
 37
 42
 41
 45
 54
 39
 43
 49
 67
 52
 54
 73
 70
 92
 96
 125
 122
 136
 144
 161
 181
 189
 199
 185
 192
 226
 217
 172
 198
 207
 184
 183
 199
 179
 151
 174
 169
 174
 180
 171
 205
 180
 155
 173
 167
 173
 158
 144
 129
 123
 104
 111
 92
 77
 61
 67
 54
 43
 44
 47
 41
 34
 31
 34
 30
 31
 25
 32
 27
 35
 38
 42
 29
 36
 26
 30
 39
 33
 42
 29
 30
 36
 39
 35
 32
 34
 38
 35
 42
 30
 33
 28
 21
 30
 40
 38
 45
 33
 35
 47
 40
 43
 54
 64
 55
 53
 58
 73
 61
 76
 72
 89
 86
 72
 75
 83
 92
 69
 71
 67
 59
 56
 54
 40
 34
 49
 28
 29
 29
 39
 29
 23
 31
 24
 34
 33
 31
 28
 22
 23
 34
 32
 31
 36
 35
 49
 43
 52
 51
 56
 73
 88
 85
 94
 109
 122
 134
 156
 190
 190
 232
 215
 235
 238
 212
 242
 214
 219
 196
 198
 164
 176
 182
 142
 159
 121
 136
 140
 109
 134
 112
 114
 117
 99
 109
 102
 73
 90
 64
 56
 66
 45
 52
 50
 40
 31
 37
 29
 36
 30
 27
 39
 40
 32
 35
 40
 23
 21
 30
 36
 19
 32
 23
 20
 25
 37
 32
 28
 39
 31
 27
 26
 25
 39
 26
 28
 40
 34
 45
 56
 57
 55
 66
 76
 87
 96
 103
 116
 122
 151
 165
 148
 146
 182
 178
 134
 199
 167
 151
 149
 143
 137
 114
 125
 83
 80
 77
 66
 47
 44
 56
 39
 24
 32
 29
 37
 27
 32
 27
 32
 38
 22
 29
 24
 36
 36
 46
 74
 57
 74
 73
 79
 90
 95
 126
 125
 141
 147
 137
 189
 200
 209
 181
 189
 174
 161
 174
 128
 136
 113
 102
 104
 96
 61
 68
 61
 56
 43
 35
 34
 29
 28
 27
 33
 20
 25
 23
 21
 22
 28
 26
 23
 20
 29
 12
 24
 14
 20
 22
 16
 31
 29
 23
 16
 14
 21
 19
 20
 16
 20
 29
 12
 23
 26
 32
 21
 22
 30
 17
 23
 21
 21
 21
 27
 24
 21
 21
 25
 19
 24
 25
 30
 22
 29
 31
 25
 24
 24
 24
 25
 32
 27
 19
 27
 22
 20
 34
 26
 12
 13
 16
 16
 23
 17
 17
 9
 16
 12
 12
 12
 7
 10
 21
 8
 12
 19
 18
 28
 24
 17
 12
 18
 20
 30
 38
 42
 44
 42
 48
 36
 47
 46
 46
 52
 71
 60
 73
 50
 79
 71
 61
 66
 76
 59
 73
 96
 69
 67
 66
 59
 66
 54
 53
 39
 43
 41
 35
 36
 24
 27
 19
 10
 18
 9
 20
 16
 15
 14
 13
 12
 13
 9
 18
 11
 7
 10
 12
 10
 5
 16
 7
 11
 16
 14
 11
 12
 18
 15
 25
 21
 25
 19
 25
 26
 43
 43
 41
 49
 48
 38
 54
 45
 50
 36
 56
 48
 53
 44
 29
 46
 27
 30
 36
 23
 23
 20
 20
 29
 10
 8
 25
 25
 9
 18
 17
 13
 13
 14
 16
 14
 27
 24
 26
