VERSION:    3.1
ELEMENTS:              1
DATE:       Feb 13, 2015 14:51:38.**
CHANNELS:           2048
ROIS:        0
REAL_TIME:   300.0001526
LIVE_TIME:   272.7174072
CAL_OFFSET:  -7.2238334e-02
CAL_SLOPE:   9.2194537e-03
CAL_QUAD:    0.0000000e+00
TWO_THETA:   10.0000000
DATA: 
 0
 0
 0
 0
 0
 0
 0
 0
 0
 0
 0
 0
 0
 0
 0
 0
 0
 0
 0
 0
 0
 0
 0
 0
 0
 0
 0
 0
 0
 0
 0
 0
 0
 0
 0
 0
 0
 0
 0
 0
 0
 0
 0
 0
 0
 0
 0
 0
 0
 0
 0
 0
 0
 0
 0
 0
 0
 0
 0
 0
 0
 0
 0
 0
 0
 0
 0
 0
 0
 0
 0
 0
 0
 0
 0
 0
 0
 0
 0
 0
 0
 0
 0
 0
 0
 0
 0
 0
 0
 0
 0
 0
 0
 0
 0
 0
 0
 0
 0
 0
 0
 0
 0
 0
 0
 0
 0
 0
 0
 0
 0
 0
 0
 0
 0
 0
 0
 0
 0
 0
 0
 0
 0
 0
 0
 0
 0
 0
 0
 0
 0
 0
 0
 0
 0
 0
 0
 0
 0
 0
 0
 0
 0
 0
 0
 0
 0
 0
 0
 0
 0
 0
 0
 0
 0
 0
 0
 0
 0
 0
 0
 0
 0
 0
 0
 0
 0
 0
 1
 0
 0
 0
 3
 4
 5
 3
 2
 4
 7
 6
 4
 13
 12
 13
 22
 18
 21
 26
 25
 44
 42
 43
 51
 56
 58
 74
 73
 96
 76
 77
 82
 85
 75
 91
 78
 88
 91
 96
 86
 120
 100
 102
 115
 102
 117
 131
 150
 114
 135
 174
 175
 169
 170
 221
 221
 250
 291
 310
 367
 401
 446
 481
 515
 622
 647
 691
 687
 727
 820
 924
 988
 1118
 1255
 1367
 1507
 1520
 1568
 1505
 1484
 1392
 1217
 1120
 947
 827
 824
 738
 740
 732
 726
 702
 756
 805
 816
 833
 937
 858
 888
 900
 878
 891
 859
 819
 715
 644
 595
 546
 493
 530
 463
 456
 487
 433
 468
 426
 443
 432
 445
 421
 461
 467
 461
 480
 553
 522
 522
 563
 607
 631
 657
 683
 646
 645
 613
 597
 669
 613
 631
 565
 592
 588
 584
 605
 569
 625
 685
 621
 656
 621
 659
 657
 674
 680
 631
 725
 772
 780
 897
 1011
 1166
 1366
 1671
 1985
 2251
 2849
 3482
 3876
 4517
 5127
 5842
 6770
 7618
 8708
 10334
 12800
 15744
 19754
 24431
 29674
 35537
 41432
 46179
 49617
 51018
 50269
 48468
 44022
 39193
 33644
 28094
 24046
 20317
 17891
 16542
 15864
 15854
 16645
 17597
 19904
 21690
 23794
 25485
 27432
 28452
 29205
 28516
 27651
 26118
 23179
 20620
 17991
 15008
 12246
 10161
 8212
 6843
 5938
 5003
 4515
 4149
 3896
 3594
 3372
 3268
 3178
 3117
 3266
 3383
 3690
 4210
 4835
 5904
 6998
 8148
 9532
 10382
 11373
 11989
 11950
 11500
 11037
 9966
 9059
 7886
 6873
 6024
 5745
 5430
 5315
 5650
 6019
 6493
 7069
 7314
 7632
 7510
 7247
 6943
 6092
 5684
 5164
 4498
 4097
 3779
 3343
 3177
 2873
 2685
 2448
 2151
 1955
 1643
 1350
 1104
 992
 735
 663
 548
 489
 420
 386
 315
 248
 256
 244
 216
 171
 211
 188
 176
 155
 137
 151
 169
 164
 158
 180
 184
 186
 183
 184
 172
 149
 158
 147
 151
 136
 143
 120
 122
 133
 162
 104
 110
 130
 127
 103
 127
 115
 132
 130
 109
 89
 119
 127
 107
 128
 138
 133
 130
 133
 123
 116
 142
 126
 135
 148
 129
 132
 128
 123
 149
 147
 147
 142
 132
 139
 130
 126
 120
 143
 143
 128
 118
 136
 117
 131
 114
 133
 140
 130
 118
 146
 131
 143
 152
 139
 143
 121
 138
 129
 162
 126
 139
 162
 136
 143
 172
 161
 185
 170
 207
 265
 307
 348
 442
 482
 547
 644
 782
 821
 1011
 1079
 1258
 1426
 1642
 1958
 2393
 2998
 3633
 4487
 5469
 6408
 7512
 8124
 8780
 8981
 8861
 8547
 7770
 6909
 6195
 5090
 4174
 3457
 2863
 2251
 1830
 1681
 1394
 1138
 1025
 919
 833
 730
 650
 566
 494
 360
 369
 323
 279
 245
 234
 213
 185
 194
 191
 174
 177
 160
 163
 169
 162
 143
 179
 166
 147
 179
 186
 166
 149
 159
 179
 168
 183
 171
 152
 154
 151
 137
 160
 165
 141
 177
 153
 170
 132
 146
 140
 157
 155
 147
 166
 166
 160
 154
 164
 162
 165
 217
 222
 226
 276
 307
 322
 386
 444
 481
 632
 709
 766
 877
 967
 1126
 1342
 1588
 1924
 2409
 2916
 3550
 4327
 4981
 5702
 6306
 6448
 6563
 6337
 5980
 5415
 4587
 3879
 3246
 2652
 2236
 1868
 1510
 1358
 1184
 1038
 985
 918
 856
 774
 774
 730
 684
 741
 807
 805
 1020
 1113
 1175
 1338
 1328
 1439
 1350
 1322
 1253
 1170
 1034
 915
 807
 653
 578
 506
 458
 406
 370
 361
 328
 301
 314
 301
 309
 303
 263
 271
 250
 252
 230
 222
 203
 204
 195
 161
 189
 182
 186
 185
 178
 149
 188
 187
 171
 153
 177
 174
 189
 175
 174
 173
 174
 168
 154
 148
 163
 156
 171
 163
 178
 179
 152
 159
 160
 145
 166
 144
 150
 167
 155
 145
 158
 166
 150
 150
 163
 160
 174
 141
 159
 160
 134
 155
 160
 140
 139
 124
 157
 147
 133
 136
 152
 150
 139
 167
 184
 177
 189
 197
 200
 180
 204
 270
 281
 308
 328
 378
 463
 539
 624
 719
 761
 781
 837
 790
 773
 730
 674
 606
 507
 450
 352
 348
 323
 268
 229
 231
 184
 186
 187
 176
 147
 173
 136
 134
 135
 128
 114
 135
 95
 107
 105
 113
 98
 93
 95
 96
 95
 104
 111
 81
 119
 96
 97
 106
 112
 104
 128
 109
 96
 116
 102
 123
 111
 126
 144
 138
 157
 158
 175
 178
 215
 225
 253
 251
 294
 336
 423
 484
 567
 606
 741
 930
 1036
 1152
 1209
 1199
 1247
 1205
 1119
 1048
 894
 778
 696
 616
 525
 477
 417
 390
 439
 436
 475
 479
 544
 630
 672
 756
 863
 847
 944
 897
 849
 827
 732
 660
 548
 498
 422
 381
 333
 280
 264
 276
 237
 210
 235
 199
 172
 179
 155
 136
 135
 132
 125
 122
 124
 102
 82
 110
 121
 93
 95
 89
 94
 105
 85
 83
 79
 95
 86
 81
 91
 78
 63
 67
 58
 44
 47
 53
 45
 45
 45
 57
 58
 37
 44
 54
 43
 48
 60
 53
 57
 65
 39
 72
 62
 79
 83
 94
 89
 101
 106
 134
 134
 150
 162
 189
 201
 270
 335
 395
 448
 529
 583
 679
 719
 725
 697
 701
 576
 571
 503
 409
 349
 284
 236
 217
 193
 139
 125
 142
 105
 106
 93
 98
 81
 85
 66
 78
 65
 75
 61
 79
 71
 65
 69
 57
 55
 78
 57
 40
 38
 62
 53
 66
 55
 54
 59
 68
 75
 77
 73
 91
 104
 99
 127
 103
 151
 149
 214
 213
 261
 300
 354
 390
 404
 414
 439
 384
 395
 339
 304
 285
 241
 197
 166
 143
 97
 88
 88
 96
 82
 73
 60
 62
 53
 50
 56
 49
 58
 36
 38
 24
 28
 30
 26
 24
 23
 33
 28
 31
 20
 24
 18
 29
 27
 33
 22
 29
 26
 26
 32
 18
 20
 26
 18
 25
 21
 24
 21
 18
 15
 25
 14
 16
 25
 14
 18
 17
 19
 15
 13
 17
 20
 16
 23
 16
 16
 25
 17
 16
 30
 18
 26
 27
 22
 29
 32
 32
 36
 38
 42
 50
 55
 61
 72
 72
 111
 103
 105
 92
 83
 104
 114
 90
 72
 81
 54
 53
 47
 45
 36
 26
 27
 35
 24
 28
 24
 30
 24
 23
 20
 21
 17
 24
 24
 14
 22
 11
 22
 13
 30
 26
 18
 26
 27
 39
 33
 31
 45
 64
 53
 54
 74
 68
 102
 103
 119
 138
 148
 201
 191
 200
 209
 197
 187
 167
 162
 157
 152
 121
 108
 82
 96
 102
 87
 81
 83
 104
 111
 100
 91
 89
 93
 86
 63
 60
 51
 47
 48
 41
 32
 31
 20
 25
 26
 19
 29
 24
 20
 28
 28
 16
 12
 16
 21
 15
 25
 24
 9
 12
 19
 16
 11
 25
 16
 27
 16
 15
 16
 18
 19
 16
 18
 27
 14
 18
 15
 19
 14
 12
 19
 16
 20
 21
 21
 26
 28
 32
 49
 47
 45
 48
 51
 70
 65
 77
 66
 65
 64
 63
 48
 41
 50
 32
 28
 19
 12
 25
 13
 21
 19
 19
 11
 16
 12
 8
 14
 10
 14
 9
 12
 12
 12
 12
 7
 12
 9
 11
 7
 12
 13
 16
 20
 20
 12
 19
 23
 29
 26
 41
 36
 27
 47
 34
 48
 37
 39
 29
 24
 25
 40
 34
 24
 17
 23
 22
 25
 29
 36
 26
 27
 25
 23
 24
 15
 15
 11
 14
 13
 11
 16
 10
 7
 12
 12
 6
 6
 9
 7
 5
 10
 7
 6
 7
 4
 6
 7
 12
 6
 5
 7
 2
 1
 9
 6
 3
 5
 9
 2
 6
 4
 9
 5
 6
 12
 10
 4
 11
 11
 8
 10
 9
 8
 10
 18
 21
 13
 12
 10
 18
 10
 12
 4
 10
 12
 9
 8
 4
 7
 8
 6
 5
 7
 4
 14
 8
 5
 5
 6
 8
 3
 6
 5
 10
 4
 12
 5
 12
 5
 10
 9
 17
 16
 12
 17
 21
 20
 19
 27
 23
 29
 21
 28
 29
 31
 25
 14
 20
 19
 21
 12
 22
 8
 17
 14
 17
 17
 14
 15
 19
 12
 5
 3
 8
 7
 3
 7
 9
 9
 3
 5
 5
 5
 2
 5
 7
 4
 0
 1
 4
 5
 5
 2
 6
 2
 3
 4
 4
 3
 4
 8
 7
 3
 3
 4
 6
 4
 6
 8
 8
 12
 6
 8
 5
 13
 13
 17
 21
 19
 17
 28
 20
 17
 14
 13
 14
 14
 16
 8
 7
 9
 1
 4
 7
 5
 5
 5
 7
 5
 6
 1
 6
 7
 2
 4
 7
 4
 4
 2
 7
 9
 5
 11
 13
 12
 15
 12
 13
 15
 7
 20
 14
 17
 27
 16
 13
 17
 6
 10
 9
 7
 7
 2
 4
 2
 4
 5
 3
 2
 6
 6
 1
 4
 3
 1
 2
 2
 4
 1
 0
 4
 3
 3
 2
 2
 4
 3
 1
 0
 1
 3
 2
 2
 2
 1
 1
 1
 3
 3
 2
 0
 4
 1
 3
 2
 4
 1
 3
 2
 4
 3
 4
 2
 0
 4
 3
 2
 3
 3
 2
 2
 0
 2
 3
 4
 2
 1
 1
 3
 3
 1
 3
 0
 1
 0
 2
 0
 2
 0
 5
 1
 2
 1
 2
 3
 5
 1
 4
 3
 3
 2
 4
 4
 3
 0
 6
 7
 2
 4
 1
 4
 4
 3
 3
 1
 7
 3
 4
 7
 3
 4
 5
 2
 1
 1
 1
 1
 4
 3
 2
 3
 2
 1
 1
 2
 4
 1
 1
 3
 1
 0
 2
 2
 0
 0
 1
 1
 1
 1
 2
 2
 1
 0
 3
 0
 5
 2
 0
 1
 3
 5
 1
 5
 1
 3
 1
 2
 2
 2
 4
 1
 4
 1
 0
 0
 2
 2
 2
 0
 1
 0
 1
 1
 2
 0
 4
 3
 0
 4
 1
 3
 2
 2
 0
 2
 3
 0
 3
 4
 1
 2
 2
 3
 5
 2
 2
 2
 0
 1
 0
 1
 0
 0
 4
 1
 0
 2
 0
 1
 0
 2
 1
 1
 0
 3
 2
 1
 1
 0
 0
 0
 1
 1
 1
 0
 0
 1
 2
 0
 4
 0
 0
 0
 1
 1
 0
 1
 0
 1
 4
 1
 0
 2
 3
 3
 1
 0
 2
 1
 0
 1
 5
 0
 0
 0
 0
 0
 1
 0
 1
 1
 1
 1
 0
 0
 0
 1
 1
 0
 1
 0
 2
 3
 0
 1
 1
 1
 0
 3
 1
 3
 1
 3
 5
 3
 0
 4
 0
 0
 1
 1
 0
 0
 0
 0
 2
 2
 0
 1
 2
 2
 1
 1
 2
 1
 2
 0
 0
 1
 0
 1
 1
 1
 1
 1
 0
 0
 0
 0
 0
 0
 2
 0
 0
 0
 0
 3
 0
 0
 0
 0
 0
 1
 1
 2
 2
 1
 0
 1
 0
 0
 1
 1
 3
 0
 0
 0
 1
 1
 0
 0
 1
 1
 0
 0
 1
 1
 0
 0
 0
 0
 1
 0
 2
 0
 2
 3
 2
 0
 0
 0
 0
 0
 1
 1
 0
 0
 0
 1
 0
 0
 0
 0
 1
 1
 0
 0
 0
 1
 1
 0
 0
 1
 0
 2
 1
 0
 0
 0
 1
 0
 0
 0
 0
 0
 0
 0
 0
 0
 0
 0
 0
 0
 0
 0
 0
 0
 0
 0
 0
 1
 0
 0
 0
 0
 0
 1
 0
 0
 0
 0
 0
 0
 0
 0
 0
 0
 0
 0
 0
 0
 0
 0
 0
 0
 0
 0
 1
 2
 1
 2
 0
 0
 0
 1
 1
 0
 0
 2
 0
 0
 0
 0
 0
 3
 0
 2
 1
 1
 0
 0
 0
 0
 0
 1
 0
 0
