VERSION:    3.1
ELEMENTS:              1
DATE:       Feb 06, 2015 16:55:51.**
CHANNELS:           2048
ROIS:        0
REAL_TIME:   473.0578003
LIVE_TIME:   6436.9516602
CAL_OFFSET:  0.0000000e+00
CAL_SLOPE:   1.0000000e+00
CAL_QUAD:    0.0000000e+00
TWO_THETA:   10.0000000
DATA: 
 0
 228523
 156209
 76586
 30245
 9362
 1965
 275
 30
 7
 5
 1
 5
 2
 2
 5
 5
 4
 4
 3
 5
 16
 14
 34
 30
 28
 23
 16
 22
 20
 25
 24
 26
 34
 41
 42
 37
 45
 36
 49
 55
 38
 55
 36
 37
 33
 41
 45
 51
 62
 46
 51
 31
 59
 60
 44
 45
 45
 45
 36
 36
 38
 39
 52
 47
 56
 41
 45
 70
 80
 81
 127
 204
 361
 552
 687
 682
 505
 276
 156
 81
 48
 31
 43
 35
 44
 34
 34
 41
 33
 32
 32
 38
 30
 35
 35
 40
 35
 38
 35
 35
 47
 38
 32
 24
 33
 35
 33
 43
 32
 39
 30
 24
 34
 37
 36
 35
 32
 29
 39
 41
 38
 36
 37
 37
 37
 27
 42
 27
 43
 35
 32
 43
 38
 33
 29
 39
 36
 29
 34
 36
 23
 16
 32
 32
 34
 30
 34
 47
 27
 33
 34
 42
 38
 36
 28
 37
 37
 40
 34
 31
 41
 34
 43
 33
 34
 35
 44
 37
 48
 35
 42
 28
 28
 48
 37
 53
 37
 46
 44
 45
 30
 45
 49
 47
 35
 42
 48
 32
 40
 43
 45
 43
 43
 51
 51
 38
 32
 37
 38
 32
 35
 32
 37
 29
 26
 36
 41
 27
 24
 25
 20
 25
 20
 23
 24
 21
 24
 10
 14
 19
 16
 18
 11
 15
 9
 10
 17
 5
 12
 14
 14
 14
 10
 21
 13
 8
 14
 13
 7
 12
 12
 8
 13
 14
 12
 7
 8
 13
 7
 6
 6
 5
 5
 5
 6
 2
 4
 12
 10
 5
 6
 6
 6
 4
 7
 7
 7
 2
 4
 4
 3
 4
 6
 4
 5
 4
 11
 9
 4
 7
 5
 11
 6
 7
 7
 5
 5
 4
 9
 6
 11
 9
 9
 6
 5
 11
 6
 8
 5
 6
 4
 2
 4
 5
 11
 5
 7
 7
 8
 7
 11
 9
 11
 8
 9
 10
 8
 3
 11
 8
 6
 7
 15
 11
 9
 9
 12
 8
 10
 12
 12
 15
 14
 16
 15
 11
 13
 10
 14
 19
 16
 17
 18
 14
 18
 12
 24
 19
 23
 19
 28
 21
 15
 23
 28
 21
 23
 13
 26
 24
 22
 26
 32
 18
 27
 31
 19
 26
 23
 27
 25
 28
 22
 21
 24
 27
 26
 34
 25
 37
 29
 32
 23
 34
 31
 28
 28
 26
 30
 20
 33
 30
 31
 35
 32
 31
 19
 34
 22
 32
 27
 21
 36
 36
 29
 27
 32
 49
 31
 37
 30
 35
 32
 38
 38
 38
 34
 43
 40
 51
 47
 52
 46
 47
 44
 45
 52
 58
 60
 68
 74
 92
 82
 79
 102
 91
 103
 115
 115
 94
 106
 110
 98
 102
 113
 117
 111
 101
 104
 118
 120
 104
 108
 132
 123
 97
 120
 127
 107
 126
 129
 126
 122
 122
 141
 121
 115
 113
 110
 139
 132
 138
 92
 123
 118
 106
 118
 131
 113
 114
 104
 109
 124
 105
 109
 104
 134
 130
 95
 107
 102
 96
 93
 92
 90
 99
 100
 111
 85
 96
 98
 86
 110
 102
 84
 87
 74
 69
 78
 73
 79
 78
 88
 84
 84
 70
 74
 72
 64
 69
 76
 60
 71
 64
 62
 65
 52
 65
 64
 58
 70
 52
 61
 73
 55
 57
 57
 55
 48
 65
 49
 68
 56
 52
 62
 47
 37
 47
 54
 53
 44
 57
 51
 47
 43
 36
 50
 47
 35
 54
 45
 47
 57
 45
 44
 34
 43
 45
 42
 43
 41
 40
 40
 38
 49
 37
 46
 29
 48
 46
 54
 45
 34
 52
 50
 51
 49
 39
 43
 53
 44
 39
 36
 31
 43
 29
 36
 29
 27
 28
 32
 30
 31
 34
 34
 32
 26
 18
 35
 37
 36
 31
 29
 30
 30
 32
 33
 41
 25
 24
 27
 32
 18
 29
 30
 22
 23
 21
 29
 34
 43
 86
 210
 565
 1423
 2772
 4615
 6393
 7399
 6993
 5599
 3521
 1838
 753
 274
 70
 24
 9
 5
 3
 5
 4
 4
 3
 6
 6
 6
 4
 3
 10
 6
 6
 8
 11
 10
 1
 3
 5
 4
 4
 3
 4
 4
 4
 8
 2
 5
 1
 4
 1
 2
 4
 1
 1
 2
 1
 6
 2
 3
 0
 3
 4
 5
 3
 4
 0
 1
 1
 0
 0
 5
 2
 1
 2
 1
 9
 4
 11
 38
 100
 187
 357
 602
 771
 778
 740
 479
 263
 116
 40
 16
 4
 2
 0
 0
 1
 1
 0
 0
 0
 1
 1
 0
 0
 1
 0
 1
 1
 1
 0
 0
 0
 0
 1
 0
 1
 1
 1
 0
 0
 0
 1
 0
 0
 1
 0
 1
 0
 1
 1
 1
 0
 1
 2
 0
 0
 0
 0
 1
 1
 0
 0
 0
 0
 0
 0
 0
 1
 0
 0
 2
 2
 0
 2
 0
 0
 0
 0
 0
 0
 0
 0
 0
 0
 0
 1
 0
 0
 0
 0
 0
 1
 0
 1
 0
 0
 0
 1
 1
 0
 0
 1
 0
 0
 0
 0
 0
 0
 0
 1
 0
 0
 0
 0
 0
 0
 1
 0
 1
 0
 0
 1
 0
 0
 1
 0
 0
 0
 0
 0
 0
 0
 0
 1
 0
 0
 0
 0
 0
 0
 0
 0
 0
 0
 0
 0
 0
 0
 0
 0
 0
 0
 0
 0
 0
 0
 0
 0
 0
 0
 0
 0
 1
 0
 0
 0
 0
 0
 0
 1
 0
 0
 0
 0
 0
 0
 0
 0
 0
 1
 0
 1
 0
 0
 0
 0
 1
 0
 0
 1
 1
 0
 0
 0
 0
 0
 0
 0
 0
 0
 0
 0
 0
 0
 0
 0
 0
 0
 0
 1
 0
 0
 1
 1
 0
 0
 0
 0
 0
 0
 0
 0
 1
 0
 1
 1
 0
 0
 0
 0
 1
 1
 0
 0
 1
 0
 0
 0
 0
 0
 0
 0
 1
 0
 0
 1
 0
 0
 0
 0
 0
 0
 0
 0
 0
 0
 0
 1
 0
 0
 1
 0
 0
 0
 1
 0
 0
 0
 0
 0
 1
 0
 0
 0
 0
 0
 0
 0
 0
 0
 0
 0
 0
 0
 0
 0
 0
 1
 0
 0
 0
 0
 0
 0
 0
 0
 0
 0
 0
 0
 1
 0
 0
 0
 0
 0
 0
 0
 0
 0
 1
 0
 1
 0
 0
 1
 0
 0
 0
 1
 0
 0
 0
 0
 0
 0
 0
 0
 0
 0
 0
 0
 0
 0
 0
 0
 0
 0
 0
 0
 1
 0
 0
 0
 0
 0
 0
 0
 0
 0
 0
 0
 1
 0
 0
 0
 0
 1
 0
 0
 0
 0
 0
 0
 0
 0
 0
 1
 0
 0
 0
 0
 0
 0
 0
 0
 0
 0
 0
 0
 0
 0
 0
 0
 0
 0
 0
 0
 0
 0
 1
 0
 0
 0
 0
 0
 0
 0
 0
 0
 0
 0
 0
 1
 0
 0
 0
 1
 0
 0
 0
 1
 0
 0
 0
 0
 0
 0
 0
 0
 0
 0
 0
 0
 0
 0
 0
 0
 0
 2
 0
 0
 0
 0
 0
 0
 0
 0
 0
 1
 0
 0
 0
 0
 0
 0
 1
 0
 0
 0
 0
 0
 0
 0
 0
 0
 0
 0
 1
 0
 0
 0
 0
 0
 0
 0
 0
 0
 0
 0
 0
 0
 0
 0
 0
 0
 0
 0
 0
 0
 0
 1
 0
 0
 0
 0
 0
 1
 0
 0
 0
 0
 0
 0
 1
 1
 0
 0
 0
 0
 0
 0
 1
 0
 1
 0
 0
 1
 0
 0
 0
 0
 0
 0
 0
 0
 0
 1
 2
 0
 0
 0
 1
 0
 0
 0
 0
 0
 0
 0
 0
 0
 0
 0
 0
 0
 0
 0
 0
 0
 1
 0
 0
 0
 0
 0
 0
 0
 0
 0
 0
 0
 0
 0
 0
 0
 0
 0
 0
 0
 0
 1
 0
 0
 0
 0
 0
 1
 0
 0
 0
 0
 0
 0
 0
 0
 0
 0
 0
 0
 0
 0
 0
 0
 0
 0
 0
 0
 0
 0
 0
 0
 0
 0
 0
 0
 1
 0
 0
 0
 0
 0
 0
 0
 0
 0
 0
 2
 0
 0
 0
 0
 0
 0
 0
 0
 0
 0
 0
 0
 0
 0
 0
 0
 0
 0
 0
 0
 0
 0
 0
 0
 0
 0
 0
 0
 0
 0
 0
 0
 1
 0
 0
 0
 1
 0
 0
 0
 0
 0
 0
 0
 0
 0
 0
 0
 0
 0
 0
 0
 0
 0
 0
 0
 0
 0
 0
 0
 0
 0
 0
 0
 0
 0
 0
 0
 0
 0
 0
 0
 0
 0
 0
 0
 0
 0
 1
 0
 1
 0
 0
 0
 0
 1
 0
 0
 0
 0
 0
 0
 0
 0
 0
 0
 0
 0
 0
 0
 0
 0
 0
 0
 0
 0
 0
 0
 0
 0
 0
 0
 0
 0
 0
 0
 0
 0
 0
 0
 0
 0
 0
 0
 0
 0
 0
 0
 0
 0
 0
 0
 0
 0
 0
 0
 0
 0
 0
 0
 0
 0
 0
 0
 0
 0
 0
 0
 0
 0
 0
 0
 0
 0
 0
 0
 0
 0
 0
 0
 0
 0
 0
 0
 0
 0
 0
 0
 0
 0
 0
 0
 0
 0
 0
 0
 0
 0
 0
 0
 0
 0
 0
 0
 0
 0
 0
 0
 0
 0
 0
 0
 0
 0
 0
 0
 0
 0
 0
 0
 0
 0
 0
 0
 0
 0
 0
 0
 0
 0
 0
 0
 0
 0
 0
 0
 0
 0
 0
 0
 1
 0
 0
 0
 0
 0
 0
 0
 0
 0
 0
 0
 0
 0
 0
 0
 0
 1
 0
 0
 0
 0
 0
 0
 0
 0
 0
 0
 0
 0
 0
 0
 0
 0
 0
 0
 0
 0
 0
 0
 0
 0
 1
 0
 0
 0
 0
 0
 0
 0
 0
 0
 0
 0
 0
 0
 0
 0
 0
 0
 0
 0
 0
 0
 0
 0
 0
 0
 0
 0
 0
 0
 0
 0
 0
 0
 0
 0
 0
 0
 0
 0
 0
 0
 0
 0
 0
 0
 0
 0
 0
 0
 0
 0
 0
 0
 0
 0
 0
 0
 0
 0
 0
 0
 0
 0
 0
 0
 1
 0
 0
 0
 0
 0
 0
 0
 0
 0
 0
 0
 0
 0
 0
 0
 0
 0
 0
 0
 0
 0
 0
 0
 0
 0
 0
 0
 0
 0
 0
 0
 0
 0
 0
 0
 0
 0
 0
 0
 0
 0
 0
 0
 0
 0
 0
 0
 0
 0
 0
 0
 0
 0
 0
 0
 0
 0
 0
 0
 0
 0
 0
 0
 0
 0
 0
 0
 0
 0
 0
 0
 0
 0
 0
 0
 0
 0
 0
 0
 0
 0
 0
 0
 0
 0
 0
 0
 0
 0
 0
 0
 0
 0
 0
 0
 0
 0
 0
 0
 0
 0
 0
 0
 0
 0
 0
 0
 0
 0
 0
 0
 0
 0
 0
 0
 0
 0
 0
 0
 0
 0
 0
 0
 0
 0
 0
 0
 0
 0
 0
 0
 0
 0
 0
 0
 1
 0
 0
 0
 0
 0
 0
 0
 0
 0
 0
 0
 0
 0
 0
 0
 0
 0
 0
 0
 0
 0
 0
 0
 0
 0
 0
 0
 0
 0
 0
 0
 0
 0
 0
 0
 0
 0
 0
 0
 0
 0
 0
 0
 0
 0
 0
 0
 0
 0
 0
 0
 0
 0
 0
 0
 0
 0
 0
 0
 0
 0
 0
 0
 0
 0
 0
 0
 0
 0
 0
 0
 0
 0
 0
 0
 0
 0
 0
 0
 0
 0
 0
 0
 0
 0
 0
 0
 0
 0
 0
 0
 0
 0
 0
 0
 0
 0
 0
 0
 0
 0
 0
 0
 0
 0
 0
 0
 0
 0
 0
 0
 0
 0
 0
 0
 0
 0
 0
 0
 0
 0
 0
 0
 0
 0
 0
 0
 0
 0
 0
 0
 0
 0
 0
 0
 0
 0
 0
 0
 0
 0
 0
 0
 0
 0
 0
 0
 0
 0
 0
 0
 0
 0
 0
 0
 0
 0
 0
 0
 0
 0
 0
 0
 0
 0
 0
 0
 0
 0
 0
 0
 0
 0
 0
 0
 0
 0
 0
 0
 0
 0
 0
 0
 0
 0
 0
 0
 0
 0
 0
 0
 0
 0
 0
 0
 0
 0
 0
 0
 0
 0
 0
 0
 0
 0
 0
 0
 0
 0
 0
 0
 0
 0
 0
 0
 0
 0
 0
 0
 0
 0
 0
 0
 0
 0
 0
 0
 0
 0
 0
 0
 0
 0
 0
 0
 0
 0
 0
 0
 0
 0
 0
 0
 0
 0
 0
 0
 0
 0
 0
 0
 0
 0
 0
 0
 0
 0
 0
 0
 0
 0
 0
 0
 0
