VERSION:    3.1
ELEMENTS:              1
DATE:       Feb 06, 2015 18:38:39.**
CHANNELS:           2048
ROIS:        0
REAL_TIME:   180.0004883
LIVE_TIME:   170.7700043
CAL_OFFSET:  -7.2238334e-02
CAL_SLOPE:   9.2194537e-03
CAL_QUAD:    0.0000000e+00
TWO_THETA:   10.0000000
DATA: 
 0
 0
 0
 0
 0
 0
 0
 0
 0
 0
 0
 0
 0
 0
 0
 0
 0
 0
 0
 0
 0
 0
 0
 0
 0
 0
 0
 0
 0
 0
 0
 0
 0
 0
 0
 0
 0
 0
 0
 0
 0
 0
 0
 0
 0
 0
 0
 0
 0
 0
 0
 0
 0
 0
 0
 0
 0
 0
 0
 0
 0
 0
 0
 0
 0
 0
 0
 0
 0
 0
 0
 0
 0
 0
 0
 0
 0
 0
 0
 0
 0
 0
 0
 0
 0
 0
 0
 0
 0
 0
 0
 0
 0
 0
 0
 0
 0
 0
 0
 0
 0
 0
 0
 0
 0
 0
 0
 0
 0
 0
 0
 0
 0
 0
 0
 0
 0
 0
 0
 0
 0
 0
 0
 0
 0
 0
 0
 0
 0
 0
 0
 0
 0
 0
 0
 0
 0
 0
 0
 0
 0
 0
 0
 0
 0
 0
 0
 0
 0
 0
 0
 0
 0
 0
 0
 0
 0
 0
 0
 0
 0
 0
 0
 0
 0
 0
 0
 0
 0
 0
 0
 0
 0
 0
 0
 0
 0
 0
 0
 0
 1
 0
 0
 0
 0
 1
 2
 1
 0
 1
 0
 0
 0
 0
 1
 1
 0
 1
 1
 0
 1
 0
 1
 0
 0
 0
 2
 2
 1
 1
 3
 1
 3
 1
 3
 3
 1
 5
 1
 1
 2
 1
 8
 2
 3
 2
 6
 3
 1
 4
 6
 3
 2
 2
 1
 2
 4
 2
 2
 3
 1
 2
 0
 4
 3
 5
 2
 0
 2
 3
 3
 4
 3
 2
 3
 0
 5
 0
 6
 4
 3
 3
 2
 3
 1
 3
 1
 4
 4
 2
 3
 6
 2
 2
 4
 4
 5
 6
 2
 3
 1
 2
 6
 2
 13
 13
 12
 7
 9
 10
 12
 10
 17
 17
 13
 15
 24
 17
 10
 22
 37
 28
 33
 38
 40
 23
 34
 38
 34
 34
 27
 48
 47
 37
 44
 32
 32
 36
 27
 34
 25
 24
 15
 26
 15
 12
 15
 17
 18
 9
 10
 7
 8
 7
 4
 12
 5
 4
 3
 4
 2
 1
 2
 4
 2
 3
 1
 2
 2
 3
 4
 2
 4
 2
 1
 4
 1
 5
 2
 0
 1
 3
 5
 1
 1
 1
 2
 1
 1
 3
 0
 2
 0
 2
 2
 5
 3
 3
 3
 2
 0
 2
 9
 3
 2
 1
 3
 5
 5
 2
 5
 3
 4
 0
 3
 7
 2
 1
 3
 3
 3
 3
 3
 2
 3
 3
 3
 2
 2
 0
 1
 1
 1
 4
 1
 3
 3
 6
 2
 2
 1
 4
 4
 2
 1
 0
 3
 2
 5
 3
 2
 1
 3
 1
 3
 1
 3
 4
 5
 1
 2
 1
 1
 1
 1
 3
 2
 4
 3
 3
 3
 1
 3
 5
 2
 1
 4
 3
 1
 4
 3
 4
 2
 4
 2
 5
 5
 1
 3
 2
 7
 2
 2
 1
 2
 6
 4
 8
 1
 3
 0
 3
 2
 3
 1
 2
 0
 1
 5
 1
 1
 1
 1
 1
 0
 2
 4
 1
 0
 4
 2
 3
 3
 1
 2
 3
 1
 2
 0
 2
 3
 2
 2
 6
 3
 3
 4
 6
 6
 1
 5
 2
 4
 5
 0
 3
 3
 6
 1
 0
 1
 2
 5
 1
 2
 3
 2
 4
 1
 5
 2
 2
 2
 3
 0
 3
 4
 5
 2
 2
 1
 3
 0
 1
 0
 4
 2
 1
 4
 3
 3
 1
 3
 1
 3
 2
 4
 3
 5
 4
 1
 3
 2
 1
 6
 5
 3
 1
 3
 1
 1
 2
 2
 1
 1
 2
 2
 3
 3
 2
 1
 1
 0
 1
 2
 2
 2
 3
 2
 3
 1
 1
 2
 4
 4
 5
 3
 2
 3
 2
 3
 3
 1
 3
 2
 3
 1
 1
 1
 3
 5
 0
 0
 1
 3
 1
 3
 2
 1
 3
 1
 3
 3
 2
 4
 3
 4
 3
 3
 1
 2
 1
 0
 3
 3
 5
 1
 3
 1
 3
 1
 1
 3
 1
 0
 5
 0
 3
 5
 2
 1
 3
 1
 3
 5
 1
 2
 2
 3
 3
 1
 3
 1
 3
 2
 4
 3
 2
 4
 1
 2
 1
 1
 2
 2
 5
 4
 0
 0
 2
 2
 3
 2
 2
 3
 1
 1
 2
 0
 1
 3
 2
 3
 1
 0
 0
 4
 3
 1
 3
 4
 3
 0
 1
 7
 4
 2
 4
 3
 0
 4
 0
 2
 3
 2
 0
 2
 1
 2
 3
 2
 1
 1
 5
 2
 4
 2
 1
 6
 2
 3
 1
 3
 1
 3
 2
 3
 1
 1
 3
 3
 2
 2
 3
 3
 1
 1
 2
 3
 4
 3
 1
 6
 2
 2
 4
 2
 2
 2
 1
 1
 3
 0
 3
 4
 4
 1
 2
 5
 2
 1
 4
 0
 4
 5
 1
 5
 3
 6
 5
 4
 1
 4
 2
 2
 0
 1
 2
 2
 3
 3
 5
 1
 5
 2
 2
 6
 0
 6
 1
 1
 1
 0
 2
 0
 4
 6
 5
 4
 1
 2
 1
 2
 3
 3
 5
 2
 1
 0
 1
 0
 2
 1
 2
 0
 4
 2
 3
 5
 1
 4
 1
 1
 1
 1
 4
 1
 1
 4
 1
 3
 0
 0
 2
 4
 1
 3
 0
 2
 1
 1
 1
 1
 3
 0
 4
 2
 3
 2
 1
 4
 2
 0
 2
 0
 0
 0
 0
 0
 2
 2
 0
 1
 3
 1
 1
 1
 0
 3
 0
 1
 0
 0
 2
 1
 0
 1
 1
 0
 1
 2
 2
 1
 2
 0
 3
 0
 1
 3
 0
 1
 0
 0
 0
 0
 1
 2
 0
 1
 0
 1
 0
 1
 3
 0
 1
 1
 1
 1
 1
 3
 0
 0
 0
 1
 2
 0
 1
 5
 1
 0
 1
 1
 3
 2
 1
 0
 1
 1
 0
 1
 1
 2
 0
 0
 0
 2
 0
 1
 1
 0
 0
 2
 1
 0
 0
 1
 2
 0
 1
 1
 0
 0
 1
 1
 1
 0
 1
 0
 2
 1
 0
 1
 1
 0
 0
 0
 2
 1
 1
 1
 2
 0
 0
 0
 3
 1
 0
 0
 0
 1
 2
 0
 0
 1
 0
 0
 0
 4
 1
 1
 2
 1
 0
 2
 0
 1
 1
 1
 0
 0
 0
 1
 0
 0
 1
 0
 0
 1
 0
 0
 0
 0
 0
 0
 1
 3
 1
 0
 0
 0
 1
 1
 0
 0
 1
 0
 0
 0
 2
 0
 0
 0
 1
 0
 0
 1
 0
 1
 0
 1
 1
 1
 3
 0
 0
 0
 0
 0
 2
 0
 0
 1
 1
 0
 0
 0
 1
 0
 1
 0
 0
 0
 0
 0
 1
 0
 1
 1
 0
 0
 0
 0
 0
 0
 0
 0
 0
 0
 0
 1
 0
 0
 0
 0
 0
 0
 0
 0
 1
 1
 0
 1
 2
 0
 0
 1
 0
 1
 1
 0
 0
 0
 0
 0
 1
 1
 0
 1
 0
 1
 0
 1
 0
 1
 1
 0
 0
 0
 0
 0
 0
 0
 1
 0
 0
 0
 0
 0
 0
 0
 1
 0
 2
 1
 0
 0
 0
 0
 0
 0
 1
 1
 0
 0
 0
 0
 0
 0
 0
 1
 0
 0
 0
 1
 0
 1
 1
 0
 0
 0
 1
 1
 0
 0
 1
 2
 0
 0
 0
 0
 0
 0
 0
 0
 0
 0
 0
 0
 0
 0
 0
 1
 0
 1
 2
 0
 0
 1
 1
 0
 0
 1
 1
 0
 0
 0
 0
 0
 1
 1
 1
 0
 0
 2
 0
 1
 0
 1
 1
 0
 1
 0
 1
 0
 1
 0
 0
 0
 0
 0
 1
 2
 1
 2
 0
 0
 1
 0
 2
 1
 1
 2
 0
 0
 1
 2
 1
 0
 0
 2
 1
 0
 0
 0
 1
 2
 0
 0
 2
 1
 0
 0
 0
 1
 0
 1
 2
 0
 0
 0
 2
 0
 1
 2
 0
 1
 2
 0
 0
 2
 1
 0
 0
 0
 0
 1
 0
 0
 3
 1
 1
 1
 0
 0
 0
 1
 1
 1
 0
 2
 0
 0
 0
 2
 0
 0
 1
 0
 1
 1
 0
 1
 2
 1
 1
 1
 3
 2
 0
 0
 0
 0
 2
 1
 0
 0
 0
 0
 1
 0
 1
 1
 0
 2
 2
 0
 1
 0
 2
 1
 0
 1
 2
 1
 1
 2
 1
 0
 1
 0
 1
 0
 1
 1
 1
 0
 1
 2
 0
 0
 1
 1
 1
 0
 0
 0
 1
 1
 1
 1
 3
 2
 0
 2
 3
 2
 1
 1
 1
 1
 4
 2
 1
 1
 2
 1
 1
 1
 2
 0
 1
 1
 0
 2
 0
 1
 0
 2
 1
 2
 3
 0
 2
 1
 0
 1
 1
 1
 1
 1
 2
 2
 1
 0
 1
 3
 2
 0
 1
 0
 3
 0
 1
 2
 4
 0
 1
 0
 2
 3
 3
 4
 2
 3
 1
 3
 0
 1
 3
 3
 0
 3
 0
 1
 0
 1
 3
 0
 2
 2
 3
 1
 3
 1
 2
 2
 2
 0
 1
 0
 0
 3
 2
 0
 1
 1
 1
 1
 1
 0
 3
 3
 0
 3
 2
 2
 3
 1
 1
 2
 2
 1
 0
 2
 1
 2
 1
 1
 4
 3
 1
 1
 2
 1
 2
 4
 0
 0
 1
 2
 2
 3
 4
 2
 3
 1
 1
 3
 1
 1
 2
 4
 5
 0
 2
 2
 4
 2
 0
 1
 2
 2
 1
 0
 1
 3
 6
 2
 3
 1
 0
 1
 4
 5
 1
 2
 2
 1
 2
 1
 1
 2
 1
 2
 1
 2
 1
 1
 4
 1
 3
 3
 2
 0
 1
 2
 2
 1
 1
 1
 2
 3
 1
 4
 2
 4
 3
 1
 2
 0
 4
 2
 1
 1
 1
 0
 1
 3
 4
 2
 3
 1
 0
 1
 1
 1
 4
 1
 2
 2
 2
 0
 0
 0
 2
 3
 5
 1
 1
 1
 2
 0
 4
 4
 2
 5
 2
 1
 2
 3
 0
 4
 1
 1
 4
 3
 2
 2
 0
 4
 5
 1
 2
 2
 0
 6
 2
 1
 1
 4
 0
 2
 5
 4
 2
 6
 7
 1
 3
 2
 2
 6
 5
 4
 7
 2
 5
 3
 2
 1
 1
 4
 2
 2
 2
 0
 2
 3
 5
 3
 5
 3
 4
 2
 1
 2
 5
 1
 3
 2
 1
 2
 2
 1
 3
 3
 6
 4
 2
 2
 5
 2
 2
 5
 4
 2
 1
 4
 3
 4
 2
 2
 3
 5
 2
 1
 3
 4
 2
 3
 1
 3
 3
 0
 0
 2
 2
 2
 1
 2
 2
 2
 7
 6
 5
 1
 4
 5
 4
 2
 3
 2
 1
 4
 5
 2
 7
 5
 0
 7
 6
 5
 1
 2
 6
 5
 0
 4
 3
 5
 3
 2
 7
 0
 5
 8
 3
 5
 1
 4
 1
 2
 5
 6
 9
 6
 5
 4
 8
 2
 5
 6
 4
 5
 6
 12
 9
 9
 7
 3
 8
 4
 5
 5
 11
 7
 5
 5
 6
 7
 12
 6
 5
 6
 11
 8
 10
 7
 9
 8
 12
 3
 11
 5
 6
 8
 8
 9
 7
 4
 7
 7
 6
 9
 9
 8
 10
 10
 9
 6
 6
 5
 10
 9
 4
 10
 6
 14
 6
 4
 18
 7
 10
 5
 14
 2
 9
 6
 9
 12
 10
 11
 10
 9
 7
 7
 6
 4
 10
 2
 7
 10
 4
 6
 8
 5
 8
 8
 5
 10
 5
 3
 16
 4
 7
 7
 12
 10
 6
 10
 5
 7
 7
 8
 7
 9
 11
 11
 5
 13
 11
 11
 12
 6
 12
 10
 7
 11
 7
 9
 9
 21
 14
 11
 10
 10
 8
 6
 13
 5
 10
 8
 13
 9
 10
 12
 9
 10
 13
 9
 6
 3
 13
 6
 6
 10
 10
 10
 8
 5
 7
 9
 3
 7
 9
 10
 7
 8
 7
 8
 6
 12
 5
 7
 7
 5
 7
 7
 8
 12
 4
 8
 5
 7
 10
 15
 7
 7
 9
 6
 7
 9
 9
 6
 7
 5
 14
 5
 4
 12
 8
 4
 6
 12
 8
 6
 9
 5
 6
 13
 9
 7
 3
 6
 6
 6
 10
 3
 10
 12
 6
 7
 8
 12
 7
 7
 7
 3
 6
 6
 5
 3
 7
 4
 9
 6
 5
 12
 6
 4
 3
 4
 6
 12
 9
 1
 8
 7
 8
 4
 10
 8
 9
 6
 5
 11
 8
 11
 7
 5
 8
 6
 4
 4
 4
 5
 6
 7
 5
 10
 5
 5
 6
 5
 6
 5
 10
 5
 8
 10
 4
 5
 6
 9
 8
 7
 4
