VERSION:    3.1
ELEMENTS:              1
DATE:       Jun 06, 2015 14:53:52.**
CHANNELS:           2048
ROIS:        0
REAL_TIME:   300.0004578
LIVE_TIME:   272.9291687
CAL_OFFSET:  0.0000000e+00
CAL_SLOPE:   1.0000000e+00
CAL_QUAD:    0.0000000e+00
TWO_THETA:   10.0000000
DATA: 
 0
 0
 0
 0
 0
 0
 0
 0
 0
 0
 0
 0
 0
 0
 0
 0
 0
 0
 0
 0
 0
 0
 0
 0
 0
 0
 0
 0
 0
 0
 0
 0
 0
 0
 0
 0
 0
 0
 0
 0
 0
 0
 0
 0
 0
 0
 0
 0
 0
 0
 0
 0
 0
 0
 0
 0
 0
 0
 0
 0
 0
 0
 0
 0
 0
 0
 0
 0
 0
 0
 0
 0
 0
 0
 0
 0
 0
 0
 0
 0
 0
 0
 0
 0
 0
 0
 0
 0
 0
 0
 0
 0
 0
 0
 0
 0
 0
 0
 0
 0
 0
 0
 0
 0
 0
 0
 0
 0
 0
 0
 0
 0
 0
 0
 0
 0
 0
 0
 0
 0
 0
 1
 0
 0
 1
 2
 2
 2
 3
 6
 6
 13
 5
 3
 21
 9
 7
 12
 15
 15
 14
 20
 25
 25
 32
 37
 48
 40
 41
 43
 32
 44
 49
 34
 44
 48
 31
 43
 52
 37
 50
 49
 45
 41
 36
 54
 43
 44
 48
 47
 42
 40
 60
 38
 59
 49
 48
 50
 57
 40
 56
 67
 52
 43
 50
 62
 38
 42
 52
 42
 54
 68
 74
 46
 56
 65
 59
 69
 68
 71
 69
 76
 84
 72
 99
 69
 81
 55
 82
 89
 93
 94
 109
 100
 95
 114
 117
 96
 104
 148
 101
 158
 183
 190
 258
 290
 364
 431
 501
 453
 464
 366
 322
 382
 489
 697
 993
 1339
 1605
 1865
 1922
 1693
 1377
 1002
 820
 584
 450
 434
 439
 460
 559
 613
 672
 754
 857
 871
 850
 802
 691
 584
 454
 386
 342
 284
 266
 278
 271
 298
 276
 267
 267
 260
 285
 292
 276
 283
 294
 330
 297
 349
 359
 352
 374
 346
 345
 336
 339
 387
 402
 457
 577
 628
 656
 640
 580
 486
 461
 455
 449
 445
 440
 479
 516
 489
 524
 472
 436
 450
 356
 398
 416
 416
 442
 430
 436
 434
 461
 449
 430
 465
 484
 464
 511
 541
 574
 615
 714
 784
 889
 968
 1068
 1211
 1464
 1913
 2849
 5148
 9892
 18103
 30842
 47672
 64017
 74438
 73807
 61784
 44420
 28573
 16745
 9849
 6637
 6102
 7643
 10787
 14726
 19130
 22183
 25007
 27722
 30043
 29825
 27036
 21170
 14635
 9431
 5515
 3322
 2136
 1479
 1114
 1006
 960
 871
 875
 879
 900
 919
 914
 808
 846
 768
 760
 725
 685
 707
 702
 749
 822
 966
 1239
 2003
 3197
 5269
 7923
 11489
 14232
 15950
 15730
 13401
 10494
 7140
 5385
 4428
 4808
 5721
 7021
 8068
 7997
 7549
 5966
 4414
 2925
 2235
 1856
 1896
 2169
 2313
 2394
 2218
 1929
 1476
 1145
 797
 533
 384
 328
 283
 244
 211
 206
 235
 201
 209
 190
 211
 187
 195
 187
 210
 187
 184
 184
 156
 180
 198
 154
 173
 180
 170
 149
 165
 138
 180
 179
 166
 194
 212
 192
 217
 214
 180
 153
 153
 140
 115
 139
 146
 116
 118
 134
 115
 110
 115
 123
 113
 138
 113
 120
 113
 121
 118
 107
 106
 114
 116
 98
 116
 136
 120
 130
 127
 129
 139
 106
 110
 123
 106
 107
 124
 106
 115
 106
 116
 102
 117
 92
 104
 114
 111
 114
 123
 128
 129
 116
 100
 117
 103
 103
 126
 113
 112
 111
 122
 104
 127
 117
 116
 126
 111
 138
 116
 116
 118
 124
 104
 130
 133
 100
 127
 132
 127
 108
 142
 157
 143
 159
 140
 156
 192
 207
 258
 420
 686
 1257
 2179
 3554
 5446
 7936
 10055
 11242
 11520
 10377
 8402
 6100
 4187
 2509
 1483
 875
 561
 370
 296
 249
 235
 220
 207
 186
 183
 204
 180
 156
 178
 168
 174
 187
 176
 172
 125
 150
 146
 176
 159
 159
 140
 154
 171
 164
 140
 153
 156
 153
 147
 149
 161
 153
 142
 148
 141
 138
 131
 137
 147
 150
 175
 130
 154
 136
 144
 143
 134
 152
 143
 143
 133
 146
 140
 121
 134
 127
 145
 149
 118
 117
 146
 137
 116
 135
 124
 125
 140
 122
 143
 139
 155
 143
 152
 169
 210
 279
 439
 770
 1240
 2207
 3615
 5253
 7205
 8472
 8962
 8215
 6700
 4819
 3318
 1924
 1190
 691
 433
 285
 270
 219
 213
 182
 194
 178
 156
 160
 174
 146
 164
 185
 253
 365
 477
 730
 924
 1220
 1428
 1489
 1417
 1235
 940
 672
 441
 338
 222
 198
 162
 181
 168
 143
 160
 190
 189
 151
 174
 171
 152
 137
 134
 129
 111
 134
 103
 119
 123
 110
 145
 111
 117
 129
 110
 120
 100
 98
 77
 100
 98
 102
 97
 108
 108
 88
 109
 99
 98
 92
 102
 110
 120
 101
 98
 114
 108
 117
 107
 109
 119
 98
 96
 103
 118
 129
 125
 114
 102
 126
 97
 117
 116
 96
 115
 90
 99
 93
 103
 96
 87
 74
 92
 99
 71
 95
 80
 100
 118
 112
 119
 110
 108
 106
 121
 105
 108
 106
 102
 120
 160
 218
 346
 407
 526
 637
 696
 726
 645
 583
 484
 361
 268
 167
 142
 102
 95
 101
 88
 90
 62
 78
 62
 78
 89
 79
 72
 76
 78
 74
 77
 61
 71
 83
 72
 53
 59
 67
 76
 62
 68
 68
 66
 76
 61
 59
 65
 50
 63
 56
 76
 77
 67
 64
 69
 56
 60
 72
 62
 57
 63
 70
 72
 62
 66
 68
 88
 76
 80
 84
 162
 232
 340
 484
 660
 909
 1060
 1120
 1168
 961
 835
 622
 439
 350
 216
 153
 93
 105
 86
 102
 100
 77
 117
 142
 174
 272
 385
 418
 527
 587
 600
 604
 494
 402
 316
 209
 144
 93
 90
 62
 62
 57
 60
 73
 78
 81
 96
 68
 82
 79
 75
 68
 62
 52
 53
 51
 47
 50
 39
 34
 40
 48
 40
 50
 46
 45
 40
 30
 31
 26
 31
 39
 28
 22
 30
 31
 21
 25
 34
 33
 29
 32
 36
 20
 26
 30
 23
 24
 28
 23
 35
 28
 27
 22
 31
 20
 26
 35
 25
 28
 29
 30
 27
 35
 32
 39
 41
 76
 115
 184
 242
 324
 456
 532
 553
 535
 466
 368
 272
 170
 132
 66
 48
 38
 31
 22
 25
 23
 26
 19
 23
 22
 16
 30
 26
 20
 19
 21
 26
 29
 33
 27
 36
 36
 36
 33
 28
 24
 15
 28
 19
 23
 31
 22
 16
 20
 27
 24
 23
 26
 24
 25
 23
 22
 32
 43
 59
 100
 136
 179
 235
 268
 326
 325
 296
 251
 187
 122
 83
 50
 41
 30
 25
 22
 16
 23
 17
 22
 24
 25
 23
 15
 14
 19
 18
 13
 20
 22
 7
 18
 22
 15
 11
 11
 14
 15
 19
 14
 6
 13
 7
 17
 9
 17
 15
 14
 13
 8
 10
 14
 12
 18
 10
 9
 6
 10
 8
 10
 10
 11
 9
 2
 8
 8
 13
 10
 9
 9
 9
 14
 8
 8
 10
 11
 8
 12
 10
 7
 6
 10
 14
 11
 9
 10
 13
 18
 15
 24
 25
 29
 54
 47
 83
 78
 56
 63
 65
 58
 35
 28
 18
 18
 17
 12
 7
 5
 9
 7
 13
 8
 12
 11
 6
 13
 4
 8
 3
 5
 6
 8
 13
 10
 8
 10
 10
 15
 10
 16
 10
 10
 13
 10
 9
 4
 8
 7
 9
 13
 26
 32
 52
 55
 98
 99
 116
 128
 98
 104
 80
 55
 47
 28
 23
 17
 26
 20
 30
 24
 24
 33
 34
 43
 51
 40
 29
 36
 37
 21
 7
 14
 6
 6
 5
 9
 8
 5
 8
 8
 6
 9
 7
 7
 8
 8
 10
 8
 10
 8
 5
 7
 7
 8
 8
 5
 4
 5
 5
 8
 4
 8
 4
 4
 7
 6
 7
 5
 4
 5
 7
 2
 2
 3
 4
 4
 6
 6
 3
 4
 10
 13
 16
 17
 21
 23
 36
 38
 43
 40
 37
 21
 11
 7
 10
 5
 4
 4
 4
 4
 8
 4
 4
 5
 4
 0
 4
 2
 6
 9
 4
 4
 2
 2
 3
 2
 2
 3
 2
 3
 1
 5
 7
 5
 4
 0
 6
 9
 6
 17
 10
 16
 20
 15
 23
 23
 19
 7
 13
 11
 9
 10
 1
 11
 14
 11
 12
 22
 19
 23
 11
 13
 8
 7
 5
 9
 3
 3
 3
 0
 3
 1
 2
 1
 2
 1
 3
 4
 5
 2
 3
 1
 3
 2
 2
 1
 5
 1
 1
 3
 4
 1
 2
 3
 2
 2
 0
 2
 1
 2
 0
 4
 3
 1
 2
 1
 4
 1
 5
 1
 5
 1
 2
 10
 1
 10
 6
 9
 5
 2
 3
 7
 1
 2
 2
 4
 0
 3
 4
 2
 3
 2
 5
 1
 2
 4
 2
 2
 1
 1
 0
 1
 5
 1
 6
 2
 1
 3
 1
 2
 2
 3
 1
 8
 6
 12
 8
 14
 20
 16
 13
 8
 8
 9
 7
 7
 7
 4
 4
 5
 6
 15
 6
 4
 1
 4
 1
 2
 0
 1
 2
 1
 2
 1
 2
 3
 2
 0
 1
 2
 0
 0
 2
 0
 2
 1
 3
 1
 0
 0
 1
 2
 1
 0
 3
 2
 0
 1
 2
 1
 1
 2
 3
 0
 3
 0
 0
 0
 0
 2
 7
 5
 3
 7
 7
 2
 8
 5
 5
 6
 6
 2
 4
 4
 2
 1
 0
 3
 1
 1
 1
 2
 0
 2
 1
 1
 0
 1
 1
 0
 2
 0
 0
 0
 2
 1
 2
 7
 3
 2
 4
 5
 4
 3
 4
 7
 11
 5
 1
 5
 4
 4
 6
 1
 2
 2
 0
 0
 4
 2
 1
 2
 0
 2
 1
 1
 0
 0
 0
 1
 1
 1
 0
 1
 1
 0
 0
 0
 0
 1
 0
 0
 1
 0
 0
 0
 2
 2
 0
 1
 0
 0
 0
 0
 0
 1
 1
 0
 1
 3
 0
 0
 0
 1
 0
 1
 1
 3
 1
 0
 0
 0
 1
 0
 1
 2
 0
 1
 1
 0
 4
 1
 0
 0
 0
 1
 0
 0
 0
 0
 1
 0
 1
 1
 0
 0
 1
 0
 4
 1
 0
 0
 1
 2
 3
 3
 1
 0
 3
 3
 0
 1
 1
 1
 3
 1
 0
 3
 0
 2
 4
 2
 0
 0
 1
 0
 0
 1
 1
 1
 1
 0
 1
 1
 0
 0
 0
 1
 1
 3
 0
 0
 0
 0
 0
 0
 0
 0
 0
 0
 0
 0
 0
 1
 1
 0
 0
 0
 0
 1
 3
 0
 0
 2
 2
 0
 1
 1
 2
 2
 2
 0
 2
 0
 2
 0
 0
 0
 0
 0
 0
 1
 1
 0
 0
 0
 0
 0
 0
 0
 1
 0
 0
 1
 0
 2
 0
 2
 2
 1
 1
 0
 1
 0
 0
 0
 0
 0
 0
 1
 1
 0
 0
 0
 0
 0
 0
 1
 0
 1
 0
 0
 0
 1
 0
 0
 0
 1
 0
 0
 0
 0
 0
 0
 0
 0
 0
 0
 0
 0
 0
 0
 1
 0
 0
 0
 0
 0
 0
 0
 0
 0
 0
 1
 1
 0
 0
 0
 1
 1
 1
 0
 0
 0
 0
 0
 0
 0
 0
 1
 0
 0
 1
 2
 1
 0
 0
 0
 1
 1
 2
 0
 0
 0
 2
 0
 0
 1
 0
 1
 0
 0
 1
 0
 1
 0
 1
 0
 0
 0
 0
 0
 0
 1
 1
 0
 0
 0
 0
 0
 0
 0
 0
 0
 0
 0
 0
 0
 0
 0
 0
 0
 0
 0
 0
 0
 0
 0
 0
 0
 0
 0
 0
 1
 0
 0
 0
 0
 0
 0
 1
 0
 0
 1
 0
 1
 0
 0
 0
 0
 0
 0
 0
 0
 0
 0
 0
 1
 0
 0
 0
 0
 0
 0
 0
 0
 0
 0
 0
 0
 1
 0
 1
 0
 0
 0
 0
 0
 0
 0
 0
 0
 0
 0
 0
 0
 0
 0
 0
 0
 0
 0
 0
 0
 0
 0
 0
 0
 0
 0
 0
 0
 0
 0
 0
 0
 0
 0
 1
 0
 0
 0
 0
 0
 0
 0
 0
 0
 0
 0
 0
 1
 0
 0
 0
 0
 0
 1
 0
 0
 0
 0
 0
 0
 0
 0
 0
 0
 0
 0
 0
 0
 0
 0
 0
 0
 0
 0
 0
 0
 0
 0
 0
 1
 0
 1
 1
 1
 0
 0
 2
 0
 0
 0
 0
 0
 0
 0
 0
 0
 0
 0
 0
 0
 0
 0
 0
 0
 1
 0
 0
 0
 0
 0
 0
 0
 0
 0
 0
 0
 0
 0
 1
 0
 0
 0
 0
 0
 0
 0
 0
 0
 0
 0
 0
 0
 0
 0
 0
 0
 0
 0
 0
 0
 0
 0
 0
 0
 0
 0
 0
 0
 0
 0
 0
 0
 0
 0
 0
 0
 0
 0
 0
 0
 0
 0
 0
 0
