%Material Point Simulator Output.
%*** Taylor factors
%-------------------------
%number-of-rows          600
%number-of-columns            1
%end-header
    0.36742346E+01
    0.36742346E+01
    0.28289701E+01
    0.28289701E+01
    0.25773829E+01
    0.33290398E+01
    0.29710779E+01
    0.25773829E+01
    0.33290398E+01
    0.29710779E+01
    0.35966265E+01
    0.30551992E+01
    0.33283188E+01
    0.34466396E+01
    0.35963194E+01
    0.35966265E+01
    0.30551992E+01
    0.33283188E+01
    0.34466396E+01
    0.25818581E+01
    0.25818581E+01
    0.35963194E+01
    0.36742346E+01
    0.34350299E+01
    0.34350299E+01
    0.33744648E+01
    0.33744648E+01
    0.36742346E+01
    0.36742346E+01
    0.34350299E+01
    0.33283188E+01
    0.28495555E+01
    0.26214213E+01
    0.30551992E+01
    0.35963194E+01
    0.34350299E+01
    0.33283188E+01
    0.35963194E+01
    0.30551992E+01
    0.28495555E+01
    0.26214213E+01
    0.35966265E+01
    0.34466396E+01
    0.25773829E+01
    0.33290398E+01
    0.35966265E+01
    0.34466396E+01
    0.33290398E+01
    0.25773829E+01
    0.22904711E+01
    0.22904711E+01
    0.22952164E+01
    0.22952164E+01
    0.24494897E+01
    0.26214213E+01
    0.22904711E+01
    0.22904711E+01
    0.26214213E+01
    0.26785632E+01
    0.26785632E+01
    0.26785632E+01
    0.26785632E+01
    0.33719990E+01
    0.33719990E+01
    0.33719990E+01
    0.33719990E+01
    0.36742346E+01
    0.36742346E+01
    0.29710779E+01
    0.28495555E+01
    0.30609216E+01
    0.30609216E+01
    0.28495555E+01
    0.29710779E+01
    0.27332765E+01
    0.27453741E+01
    0.33724325E+01
    0.33968268E+01
    0.34638892E+01
    0.34278285E+01
    0.32121927E+01
    0.27052866E+01
    0.27332765E+01
    0.27453741E+01
    0.33724325E+01
    0.33968268E+01
    0.34638892E+01
    0.34278285E+01
    0.35974539E+01
    0.34309227E+01
    0.32121927E+01
    0.27052866E+01
    0.35974539E+01
    0.34309227E+01
    0.30616484E+01
    0.30236608E+01
    0.33291034E+01
    0.30737332E+01
    0.28437337E+01
    0.27052866E+01
    0.30616484E+01
    0.34124330E+01
    0.26960569E+01
    0.35962708E+01
    0.33381882E+01
    0.26279043E+01
    0.33681384E+01
    0.35199612E+01
    0.35962708E+01
    0.30737332E+01
    0.28437337E+01
    0.27052866E+01
    0.30616484E+01
    0.26960569E+01
    0.23350036E+01
    0.23350036E+01
    0.35962708E+01
    0.34309227E+01
    0.33681384E+01
    0.34309227E+01
    0.35199612E+01
    0.35962708E+01
    0.33381882E+01
    0.26279043E+01
    0.25818581E+01
    0.28437337E+01
    0.30737332E+01
    0.33381882E+01
    0.26785632E+01
    0.26279043E+01
    0.26960569E+01
    0.33681384E+01
    0.33724325E+01
    0.33968268E+01
    0.23350036E+01
    0.24197539E+01
    0.24300762E+01
    0.24300762E+01
    0.24314857E+01
    0.24300762E+01
    0.24197539E+01
    0.22952164E+01
    0.33724325E+01
    0.33968268E+01
    0.33291034E+01
    0.34124330E+01
    0.33681384E+01
    0.26785632E+01
    0.33381882E+01
    0.26960569E+01
    0.25818581E+01
    0.26279043E+01
    0.28437337E+01
    0.30737332E+01
    0.30616484E+01
    0.30236608E+01
    0.33291034E+01
    0.34124330E+01
    0.33291034E+01
    0.34124330E+01
    0.23350036E+01
    0.24197539E+01
    0.24494897E+01
    0.24300762E+01
    0.24300762E+01
    0.24494897E+01
    0.24314857E+01
    0.24300762E+01
    0.24494897E+01
    0.24197539E+01
    0.22952164E+01
    0.34278285E+01
    0.34638892E+01
    0.27453741E+01
    0.27332765E+01
    0.32121927E+01
    0.34278285E+01
    0.33744648E+01
    0.34638892E+01
    0.27453741E+01
    0.27332765E+01
    0.32121927E+01
    0.33744648E+01
    0.24300762E+01
    0.24314857E+01
    0.24494897E+01
    0.24300762E+01
    0.24314857E+01
    0.34309227E+01
    0.35974539E+01
    0.34309227E+01
    0.35974539E+01
    0.32627512E+01
    0.33751642E+01
    0.32627512E+01
    0.32314000E+01
    0.33751642E+01
    0.32314000E+01
    0.31732148E+01
    0.30533806E+01
    0.31732148E+01
    0.30533806E+01
    0.24226539E+01
    0.23733375E+01
    0.23733375E+01
    0.24494897E+01
    0.24226539E+01
    0.24197539E+01
    0.23733375E+01
    0.24197539E+01
    0.23733375E+01
    0.24494897E+01
    0.27052866E+01
    0.26214213E+01
    0.32121927E+01
    0.27332765E+01
    0.27052866E+01
    0.26214213E+01
    0.32121927E+01
    0.27332765E+01
    0.30890911E+01
    0.32865011E+01
    0.35499168E+01
    0.31857888E+01
    0.32314000E+01
    0.30890911E+01
    0.32865011E+01
    0.35499168E+01
    0.31857888E+01
    0.32314000E+01
    0.31732148E+01
    0.34420577E+01
    0.33751642E+01
    0.31732148E+01
    0.32627512E+01
    0.27052866E+01
    0.26214213E+01
    0.28289701E+01
    0.32121927E+01
    0.27332765E+01
    0.30890911E+01
    0.32865011E+01
    0.34413426E+01
    0.35499168E+01
    0.31857888E+01
    0.31732148E+01
    0.34420577E+01
    0.31732148E+01
    0.33751642E+01
    0.27052866E+01
    0.26214213E+01
    0.28289701E+01
    0.32121927E+01
    0.27332765E+01
    0.31857888E+01
    0.32865011E+01
    0.34413426E+01
    0.35499168E+01
    0.30890911E+01
    0.34193292E+01
    0.33751642E+01
    0.30236608E+01
    0.34193292E+01
    0.33751642E+01
    0.30236608E+01
    0.30609216E+01
    0.36732941E+01
    0.30609216E+01
    0.36732941E+01
    0.36742346E+01
    0.36742346E+01
    0.30236608E+01
    0.29773283E+01
    0.27715661E+01
    0.34420577E+01
    0.31732148E+01
    0.30533806E+01
    0.35166349E+01
    0.35166349E+01
    0.30236608E+01
    0.29773283E+01
    0.27715661E+01
    0.31732148E+01
    0.34420577E+01
    0.30533806E+01
    0.27715661E+01
    0.28713343E+01
    0.30533806E+01
    0.30236608E+01
    0.35974539E+01
    0.27715661E+01
    0.29773283E+01
    0.32627512E+01
    0.30533806E+01
    0.34193292E+01
    0.27715661E+01
    0.28713343E+01
    0.30533806E+01
    0.30236608E+01
    0.33751642E+01
    0.35974539E+01
    0.34638892E+01
    0.27715661E+01
    0.29773283E+01
    0.33751642E+01
    0.30533806E+01
    0.34193292E+01
    0.34638892E+01
    0.35893865E+01
    0.35233831E+01
    0.35893865E+01
    0.27858052E+01
    0.32731825E+01
    0.28413713E+01
    0.36383020E+01
    0.32505517E+01
    0.35782745E+01
    0.33194550E+01
    0.32731825E+01
    0.28413713E+01
    0.27858052E+01
    0.33194550E+01
    0.36383020E+01
    0.32505517E+01
    0.35893865E+01
    0.27858052E+01
    0.32731825E+01
    0.28413713E+01
    0.36383020E+01
    0.32505517E+01
    0.33194550E+01
    0.24314857E+01
    0.22904711E+01
    0.23350036E+01
    0.29710779E+01
    0.25773829E+01
    0.28495555E+01
    0.24314857E+01
    0.22904711E+01
    0.23350036E+01
    0.29710779E+01
    0.25773829E+01
    0.28495555E+01
    0.32731825E+01
    0.28413713E+01
    0.27858052E+01
    0.33194550E+01
    0.36383020E+01
    0.32505517E+01
    0.24226539E+01
    0.28713343E+01
    0.27715661E+01
    0.24314857E+01
    0.22904711E+01
    0.23350036E+01
    0.28495555E+01
    0.29710779E+01
    0.25773829E+01
    0.33290398E+01
    0.28713343E+01
    0.24226539E+01
    0.27715661E+01
    0.35233831E+01
    0.35782745E+01
    0.35893865E+01
    0.35233831E+01
    0.35782745E+01
    0.35233831E+01
    0.35782745E+01
    0.24314857E+01
    0.22904711E+01
    0.23350036E+01
    0.28495555E+01
    0.29710779E+01
    0.25773829E+01
    0.33290398E+01
    0.35974539E+01
    0.35974539E+01
    0.34638892E+01
    0.33290398E+01
    0.34638892E+01
    0.33290398E+01
    0.36142807E+01
    0.34193292E+01
    0.36142807E+01
    0.30407589E+01
    0.34193292E+01
    0.30407589E+01
    0.33744648E+01
    0.34278285E+01
    0.33744648E+01
    0.34278285E+01
    0.27453741E+01
    0.27453741E+01
    0.33744648E+01
    0.34278285E+01
    0.36142807E+01
    0.34193292E+01
    0.30407589E+01
    0.27453741E+01
    0.33744648E+01
    0.34278285E+01
    0.27453741E+01
    0.36142807E+01
    0.34193292E+01
    0.30407589E+01
    0.35893865E+01
    0.33291034E+01
    0.32627512E+01
    0.30616484E+01
    0.33291034E+01
    0.35166349E+01
    0.35893865E+01
    0.32314000E+01
    0.35233831E+01
    0.35893865E+01
    0.33291034E+01
    0.32627512E+01
    0.30616484E+01
    0.33291034E+01
    0.35166349E+01
    0.35893865E+01
    0.32314000E+01
    0.35233831E+01
    0.30616484E+01
    0.32627512E+01
    0.30551992E+01
    0.28437337E+01
    0.23733375E+01
    0.24989010E+01
    0.24989010E+01
    0.24226539E+01
    0.24989010E+01
    0.24226539E+01
    0.23733375E+01
    0.24989010E+01
    0.24494897E+01
    0.24989010E+01
    0.24226539E+01
    0.24989010E+01
    0.24226539E+01
    0.23733375E+01
    0.24989010E+01
    0.23733375E+01
    0.24989010E+01
    0.28437337E+01
    0.30551992E+01
    0.28437337E+01
    0.30551992E+01
    0.30407589E+01
    0.35782745E+01
    0.30407589E+01
    0.35782745E+01
    0.35233831E+01
    0.32314000E+01
    0.30407589E+01
    0.35782745E+01
    0.30616484E+01
    0.32627512E+01
    0.28437337E+01
    0.30551992E+01
    0.35233831E+01
    0.32314000E+01
    0.30407589E+01
    0.35782745E+01
    0.36742346E+01
    0.36742346E+01
    0.28713343E+01
    0.36732941E+01
    0.36732941E+01
    0.28713343E+01
    0.29773283E+01
    0.35966265E+01
    0.28713343E+01
    0.29773283E+01
    0.35966265E+01
    0.34466396E+01
    0.25818581E+01
    0.33283188E+01
    0.28713343E+01
    0.34466396E+01
    0.25818581E+01
    0.33283188E+01
    0.36383020E+01
    0.33194550E+01
    0.30503942E+01
    0.36383020E+01
    0.32505517E+01
    0.30503942E+01
    0.36383020E+01
    0.33194550E+01
    0.30503942E+01
    0.32505517E+01
    0.25818581E+01
    0.25818581E+01
    0.30503942E+01
    0.33194550E+01
    0.32505517E+01
    0.29773283E+01
    0.29773283E+01
    0.36383020E+01
    0.33194550E+01
    0.32505517E+01
    0.35966265E+01
    0.34466396E+01
    0.33283188E+01
    0.35966265E+01
    0.34466396E+01
    0.33283188E+01
    0.35499168E+01
    0.30890911E+01
    0.33724325E+01
    0.33968268E+01
    0.34124330E+01
    0.30737332E+01
    0.31857888E+01
    0.35499168E+01
    0.30890911E+01
    0.33724325E+01
    0.33968268E+01
    0.34124330E+01
    0.30737332E+01
    0.31857888E+01
    0.28413713E+01
    0.26960569E+01
    0.26960569E+01
    0.28413713E+01
    0.24197539E+01
    0.27858052E+01
    0.27858052E+01
    0.26279043E+01
    0.26279043E+01
    0.28413713E+01
    0.26960569E+01
    0.28413713E+01
    0.26960569E+01
    0.26279043E+01
    0.24197539E+01
    0.27858052E+01
    0.27858052E+01
    0.26279043E+01
    0.33724325E+01
    0.33968268E+01
    0.35499168E+01
    0.30890911E+01
    0.34124330E+01
    0.31857888E+01
    0.30737332E+01
    0.33724325E+01
    0.33968268E+01
    0.35499168E+01
    0.30890911E+01
    0.34124330E+01
    0.31857888E+01
    0.30737332E+01
    0.36742346E+01
    0.36742346E+01
    0.34413426E+01
    0.34413426E+01
    0.35963194E+01
    0.32865011E+01
    0.33719990E+01
    0.35963194E+01
    0.32865011E+01
    0.33719990E+01
    0.33681384E+01
    0.34350299E+01
    0.32731825E+01
    0.33381882E+01
    0.26785632E+01
    0.33681384E+01
    0.34350299E+01
    0.32865011E+01
    0.35963194E+01
    0.33719990E+01
    0.33381882E+01
    0.32865011E+01
    0.32731825E+01
    0.35963194E+01
    0.33719990E+01
    0.33681384E+01
    0.33381882E+01
    0.33681384E+01
    0.34350299E+01
    0.32731825E+01
    0.34350299E+01
    0.32731825E+01
    0.33381882E+01
    0.26785632E+01
    0.36742346E+01
    0.36742346E+01
    0.35199612E+01
    0.35199612E+01
    0.35962708E+01
    0.35962708E+01
    0.34309227E+01
    0.35962708E+01
    0.35962708E+01
    0.34309227E+01
    0.36742346E+01
